500
0 5769 153
1 4054 7003 4099 3231 1786
2 8072 8857 4853 6489 6116 2200 2164 9059 1835 4345 5715 105 4855 79 2340 7413
3 882 5688 6927 8595 2510 6264 6384
4 3325 6682 9678 4305 6780 7799 6571 220 5769 7997 3468
5 3325
6 6034 8872
7 8916 9353 5594 8683 5703 1572 7560 7352 1686
8 4331 9438
9 7738
10 9291 7512 586 8841 6662 4470 3325 7516 229 1883 5925 6306
11 4273
12 7315 3573 4081 1695 5148 5675 9065 8439 8175 971 867 3325 5053 5064 321 6613 7699
13 3544 2035 5977
14 6994 4932 9450 2281 7315 1047 1053 4164
15 8737 2888 8758 5415 5137 8353 8177 9361 7545 5525 2327 1752 2288 2962 7413 3144 5962 7296
16 348
17 653 9067 4740 7215 2180 3525 8898 6833 3457 1795 3144
18 7144 8660 7700 3545 4273 7926 3192 101 2141 1757
19 4279 6119 9811 1381 3201 7924 778 4564 4913 2111 1079 9733 7434 3079 3234 3981 5677 6054 1956 647
20 248 9466 4889 1774 6201 6710 2211 7292 1502 2986 183 5129 9850 5014 7120 9545 148 9075
21 6994
22 8192 4817 4195 1416 1134 8514 6985 5531 9316 1577
23 2471 6555 1420 6785 3541 7324 1012 9505 4209 5404 8237 782
24 1995 9644 2762 9100 8390 2631 6115 8737 8526 1670 1625 8125
25 6589 3040 7097 9871 9289 6022 1128 1575 5854 1080
26 3149 7818 2369 6642 440 3809 2823 3589 4079
27 2506
28 9702 924 5143 9747 9844 9236 3884 1542 1113 9244 7401 5587 2764 8533 5437 7652 569
29 1291 5074 2959 4273
30 3480
31 7105
32 9949 2776 9729
33 8272 8341 4382 3082 1473 1416 2589 4476 2482 7120 5412 1125 7320 2962 3997 2569 8406 3877
34 6806
35 4452 6823 8346 3676 6879 5680 2024 2274 5525 6895 5917 4526 447 420
36 3272 4094 4271 597 242 2285 9302 6664 5601 9638 3729
37 4854 9552 5351 3497 5207 1045 3009 5583 3680 7966 3302 3232 7120 2407 6895 8125 1383
38 134 5065 2400 3181 4854
39 7398
40 2326 2276 5986 7215 8739 8916 7876 2833 7454 5630 5962 6672 9834 2 79
41 2680 7098 8865 9861 7454 5709 8192 2614 7363 4736 6387 6621 8994
42 1390 6668 6432 6662 4548 6619 8976 977 6153 3525 2208
43 854 7876 9720 7322 9401 3721 5502 3814 7371 4456 8224 3597 4020 5064 6424 7949
44 2084 4193 4253 5039 8903 9860 7051 4852 7323 971 1780 5219 9968 2962 935
45 854
46 2334 9154 1664 8056 1314 4046 2420 4729
47 5504 333 2089
48 5757 8865 4935 1943 8738 9132 2284 3150 3078 5912 7880 9139 2 7949
49 8137 8072 6973 941 1372 7661 4600 716 4357 1710 4079 9545 1145 8125 979 3675 3504 8910 9453 6534
50 7803 8294 7371
51 9291
52 714 5527 9698 5818 271 1248 7466 9740 7929 2305 9021 9337 929 512 7200 7472 6938 8293 4377 79 9968 8994 2904
53 5720 8525 617 4218 5504 6814 9959 2484 4443 613 9968 2345 139 2962 7101 4855 9244 935
54 426 3464 625 4365 2367 854
55 7738 6994
56 6904 1639 5730 9948 8160 4746 4426 3023 276 3373 532 8406 5064 8491 7652 3006 6613 7852 6538 1668 935
57 5617 2061 3401 1517 9371 7182 4310 797 3023 4913 9533 3043 2699 8130 7615 7216 8293 745 4199
58 1080 4179 3765 6745
59 7424 615 3223 5525 296 3632 4646 3534 4327 2704
60 6948 6668 5391 5718 392 7378 9479 3312 9409
61 3390 8683 3198 5518 6510 7745 8274 1218 4345 1145 135 8470
62 1507 8175 4653 5485 6012
63 7286 5291 7136 6840 8577 8149 5940 7701 5583 5386 72 6938 7001 7133 2 6404 2340 9013 4340
64 7398
65 8765 6081 6122 1936 3272 2973 2953 9770 1486 4962 427 7001 5341 7725 4035 3012 7880 2240
66 6901 2993 4379 4706 5892 6929
67 3711 2097 9917 7711 48 2331 6824 3022 3099 4356 8759 3958 4828 3870 5097
68 897 9824
69 3942 1580 6413 9995 5531 5145 5035 2142 5748 7864 7950 5869 7296 2611 2263
70 4594 4293 6220 1266 8241 909 4319 2600 4378
71 7484
72 5717 8096 6901
73 6368 9612 3912 7327 5447 7277 6973 8775 5867 9212 7049 8130 5899 9968 4341 8387
74 4708 3752 1558 4072 4202 8354 3149
75 5617
76 229 9707
77 6703 9156 132 4476 9137 8854
78 5504 5562 7601 9869 1439 9108 9729 3731 3628 446 3210 2139 9842 6404 1984 5219 7517
79 1473 8399 2563 8677 4567 6035 7526 7655 8353 4923 5314 4402 5149 9138 3982 7438
80 1462 8250 1653 705 5298 3140 5868 1173 585 4705 3716 5547 7652 8125 9139 5329 3074
81 1958 6806
82 1165 9315 7005 9571 7322 8783 378 8537 6258 9533 8491 7153 9244 7949 979 2340
83 3573
84 4406 1547 216
85 2391 6300 4523 2429 1209 4636 111 6719 7985 1832 4370 7085 935
86 8137 6595 2340 3946 4112 5269 3227 183 1148 5447 6317 5993 5386 5674 4104 9842 321 8910 2962 2240 2422 2810 4333 5767 5962
87 9967 5179 547 9570 4112 2487 4934 1274 4824 5211 718 1375 6161 5412
88 216 735 133 6305 319 3413 1344 4242 5110
89 1455 7735 9983 2286 5882 4231 7537 8934 2704
90 2861 6934 2010 9976 5391 2497 4373 7921 2468 9235 6054 7744 2439 4886 7296
91 9250 349 9851 7057 7890 296 2487 195 8035 5412 7968 4311 2288 9007 9968 2240 5862 6054
92 4939 9231 7246 3418
93 8733 878 9420 6687 3682 6539 477 7242 9035 9784 8163 2017 8254 5412 583
94 905
95 2564 7578
96 1725 4225 7021 3836 2847 1858 5444 9782 6748 414 158 8722 4020 4199 1984 2555 6458 5788
97 5184 3494 7516 1858 3836 2847 5631 1958
98 1938 7538 5109 5760 2975 9014 7620 2627 3744 9295
99 5162 3759 9112 7207 1455
100 4543 9990 8545 4825 3646 6607 2391 8475
101 4806 6667 1694 1675
102 7530 346 2851 4775 587 123 4872 6702 7373 8313 2121 9374 2892 2685 2240
103 6481 3450 1518 1364 7563 1420 5658 3291 8647 2757 8920 9083 3877 3758 6613 2240
104 9024 9429 7289 1951 2342 51 8852 1378 713
105 1541 2224
106 4976 5811 9911 1998 1783 429 8730 6052 9007 6161 8431 6134
107 8955 4489 7566 9543 7874 6033 2334 8189 7984 24 2443 8304 1889 4501 4129 6054
108 216 9135 564 1721 7882 5076 5045 2104 5465 5150 913 5527 8995
109 7424 7360 9947 4225 1339 2586 4450 4750 6725 9655 730 8748 5387 7195 1774 4660 321
110 5686
111 229 2942 4992 1888 4344 2502 5682 7416 4765 1238 9007 5885
112 775 2034 4249 4008 1291 3126 9954 3297 6693 6492 6404 9848
113 378 5746 917 7666 6213 4421 6459 3128 3361
114 4811 4372 8744 3895 7022 3567 7666 7866 8988 9634 8033 5677 1668 7880 663 2439 5715 4199 6613
115 3298 306 5460 2985 4000 5346 4447
116 6192 8964 8161 9720 1163 1944 6014 9033 4540 9982 9149 1480 3894 5715 9968 780 2096
117 1127 3494 1182 3698 5717 1259 932
118 4230 6301 1703 6405 2157 4799 7034
119 9157 2522
120 4961
121 1207 1708 7955 3577 7778 9927 2589 9923 6702 2443 5884 2
122 4961
123 2332 5246 4456 9291
124 4961 3228 8876 6274 5148 9666 3990 4201 6097 5867 9669
125 9861 2751 6870 5796 2041
126 9923 6096 7805 547 3476 4150 5079 6448 6741 6133 5552 2100 5445 6101 6258 1134 2327
127 7689 9093 9753 5792 2838 3484 6684 8341 9133 3783 9449 5762 8134 8994 7699 6327
128 7878 8393 8301 1050
129 653 3536 589 5146 6043 1843 4315 2747 8605 8017 5869 1790 3032
130 4628 6243 9287 7830 9219 1550 743 2725 5402 4604
131 932 3912
132 3716 8847 8134 7392 4020 5940 2918 6706 7851 3302 2124 6712 6827 6938 2
133 3069 4468 3336 1748 7431 1207 7392 4020 8134
134 306 5578 3298 3441 6117 962 3850 4050 5507 2735 9545 259 761 7949 8973
135 8865 2455 6180 2706 6230 847 825 702
136 6271 9923 7447 2567 4806
137 1288 6573 2004 5879 3760 6012 8321 7527 3944 2
138 6614 4340 923 7619 90 960 8227 9096
139 1541 3756 6733 9171 4266 67 8464 566 1830 5964 201 1064 5783 6044 4901
140 8583 987 5098 8332 3427 583 7571 1170 5662 7987 9181 6079 4538 5057 3479 4972 1121 7153 7699
141 7830 4319 9261 7868 3439 8686 3387 2485
142 7544 7019 2272 3780 6079 2942 1777 5715 3261 427 7762 3012
143 9808 4479 5646 9981 8463 6441 6287 5052 5767 7120 9908 4679 4034 7147 9139
144 8991 2534 5985 6655 9103 2148 7684 9209 3175 4355 8722
145 9942 4399 9817 2220 2350 3995 874 7836
146 8064 8622 7862 3593 8938 9544 7287 5360 4278 4669 1135 3232 1383 2537 6692 183
147 6183 1720 1564 6866 7315 407 8584
148 3338 9139 687 7130 5883 5834 4019
149 7011 2622 275 9780 9702 773 194 5162
150 4729 7590
151 7249 3069 1968 808 5596 6158 9811 9216 3739 2668 7120 3894 2 2288 745 3982 7762 5156 1042 4765
152 1201 9984 5378 1957 9488 3849 7546 7120 1534 5862 6888 5875 8495 3023 5340 7997 7153 3758 6613 9007 6584 7762
153 1899 270 4553 12
154 2023 6890
155 1399 6208 897 9419 5189 2986 3336 2366 9590 6267 3830 2155 9086 3885
156 194 6506 6267 4037 8351 5180 2594 5041 6208
157 8436 1626 5579 5975 8486 2880 8091 2302 6635 829 9565 259 9139 5502 1121 8994 3877 5848 4377
158 4067 7686 7521 2793 3441 4927 7191 4583 1390
159 9157 5131 7103 749 4932 9454 4722 7114
160 9893 1674 3128 1592 7309 4157 6086
161 5444 8553 3923 3483 1689 3533 1776 2268 7852 5464 1941 647 3050 4199
162 7272 9448 3732 3176 378 4182 6904 7852
163 7100 9682 1417 4110 8967 7615 5908 1201 6328 237 3865 8406 7652 3700 6547 4168
164 6578 2374 306 7914 8787 3199 6388 2140 6875 6048 3263 7794 2480 2732 135 3723 6326 2962 1348
165 6866 3390 6552 9959 8642 6334 6050 8960 4402 7133 7413 3505 1293 7883 8528
166 472 9634 9913 7676 1163 839 2935 2555
167 2400 4370 8707 7700 2389 4452
168 7738
169 2324 2559 5727 8099 384 8958 4732 7245 1680 5503 1697 5826 3125 6737
170 5727 5971 7947 6808 5444 7843 7139 8646
171 2832 7372 6533
172 3167 7580
173 1582 3486 7278 2275 1228 4963 1380 7466 7161 344 3441 6853 6554 5412 7652 6054
174 4956 773 7701 1230 1703 7642 8064 8363 7949 9014 5860 8498 3885
175 6994
176 4032 7011 42 9568 4039 7051 5666 1380 6853 5762 9270 1860 2288 79 3012 3885
177 8605 7232
178 1288 6098 3264 742 3612 1752 2456 8224
179 3182 4685 6276 574 873 9997 3135 2701 886 4443 9927 9545 7652 7153 321 9461 3012 8994 5412
180 1044 6750 9596 5044 713 426 27 4303 4666 4950 4277 2327 3836 5898 4107
181 7360 1250 6413 2737 4224 3359 2622 1771
182 4700 2314 4594 3747 3419 7578 7309 5936
183 3139 5279
184 7578 2429
185 7424 3416 9479 7046 3952 8385 3461 3668 6884 7077 1289 527 3936 4035 1668
186 9622 235 6614
187 4853 4251 1629 7674 1659 2251 4297 6938 5412 979
188 2211 8606 194 6969 3461 5008 1381 6117 9679 9848 7732 2322 979
189 3793 3568 7911 3340 9266 7040 6866 3571 5187
190 9811 6202 7943 9377 3571
191 8064
192 6463 6655 4234 1838 3950 4933 8890 6794 8992 6805 4469
193 7105 1609 7427
194 3252 3346 3301 3972 1077 7891 9024
195 3472 2873 835 3294 2160 242 9934 6389 2848 2538 7120 427
196 49 6725 5513 4987 6052 1201 7628 8118
197 348 411 9192 2507 2537 1347 4071 3102 7973
198 9225 6546 4630 1626 8291 4646 8768 3285 2085 6404 3077 7426 2288 321 979
199 1239 775
200 1239 8349
201 2385 3221 4865 6649 917 5 3081 1520 4826 6174 9349
202 3822 1929 1041 748 3804 6461 2045 3152 2194 6666 5730 9862 3227 971 6258 321 427 3792 7732 9007 1343 7699 352 7001 4527
203 2425 4836 5522 5622 4987 5267 9093 959 5890 3429 6258 5458 5341 1752 935 8062 1121 9007
204 2848 9246 2145 8738 6979 9740 4771 5020 8955
205 4939
206 3429
207 6411 5542 9333 6527 4541 4800 918 8723
208 6693 3232 123 1017 3977 6918 81 5679 7219 8095 3054 8452 503 2075 33 745 8528 518 7568 8121 2288 5053 6613
209 3429 5874
210 3501 5225 6940 7213 8902 7144 7925 8203 5699
211 3429
212 8576 4028 4806 9009 6421 7935 2571 9746 4913 6584 5583
213 5739 2460 348
214 7580 7163 2636 7516 360 2609
215 5769 3196 3601 2868 6013 5791 3716 8812 8886 2972
216 7803
217 7562 5354 8271 5425 2596 9062 6622 4138 8074 9160
218 3548 1301
219 5165 7830
220 944 9067 9236 1165 8426 217 6742 1516 7558 3904 9007 79
221 5148 8824 153 1363 4209 5057 1327 5913 3416 1462 1740 6134
222 5998 3913 3560 1132 5545 825 7024 9210 7398
223 5991 1757 9309 1781 9232 5723 8592 8216
224 6226 7140 1803 2948 8585 4067
225 9730 3614 2511 4715 6242 7811 8485 9949
226 2289 9123 5836 4541 2758 4351 92 7601 6013 7116 8491 79 8994
227 7427 2840 5199 5161 6081 1680 3218 1787 4627 7733 4843 1484 4004
228 2941 8915 2127 32 5007 129 4700 5119 66 1539 4824 8431 6153
229 9759
230 9438 882 5534 4185 8917 8549 4975 4916 6627 5116 9936 3761 3877 4199 8994 2240 6030 6938
231 1286 851 3255 8389 2590 7214 2452 8175 5456
232 2089 4384 9417 8768 870 7878
233 9434 5165
234 3448 2778 4103 4225 5697 9186 3467 9952 554 4249 3004 9007 79
235 3235 8088 6974 2669 3108 2027 6723 3116 5683 3304 2986 9518 9224 5643 9545 4020 9842 9219 5248 5437 935
236 8192 9861 2780 1751 4658 9065 7410 943 2206 8447 1092 4659 4314
237 3510 3911 8168 4666 1092 7025
238 6058 4546 4877 5893 7609 7162 3842 6659 1869 1943 6879 3709 4379 5925 5783
239 4955 9437 2172 491 3439 858 7437 5416 210
240 331 5174
241 263
242 9067 2364 300 372 8750 85 1495 6723 5929 9551 8990 5715 7997 4180 935 1496
243 5297 8066 2364 2737 210 4115 3656 3434 2170 2596 3704 7902 4199 1741 2685 79 9852
244 1909 2184 5988 3942 4976 1618 9333 2333 6225 5274
245 8774 7614 4363 5530 9740 7805 9912 6496 6183 5584 2730 8644 1343 6030 79 8005
246 1545 2331 1358 1626 7495 9820 6441 34 1398 7452 2696 3877 5340 3343 9842
247 9759 9056 6760 1286
248 3946 5991 5285 9099 6274 6437 7512 5296 9824 2962 4134 3758
249 7424 6274 7512
250 4331
251 5835 5581 1835 1796 5442 659
252 9214 4085 8357 7897 8499 6699 6226 6278 8774 647 640 3012 4280
253 2169 3472 4331 9214
254 5811 3544
255 9046 9812 1370 3356
256 1239 331 4651 5284 1309 2986 2170 7489 8323 5083 625 3377 7736 8125
257 6012 5497 1096 4729 8175 6244 6355 6040
258 7040 5105 6821 5985 1760 5886 3370 5524 2311 1878 3550 8406 427 3074 560 3163
259 3514 9998 6630 2061 5679 8078
260 9466 8639 3861 6041 7224 8170 6172 1473 9019 5698 8841 4423 1763 1479 7806
261 4318 196 4811 1108 3571 2381 8482 836 3319 1763
262 9524 4162 1459 5838 337 8035 4115
263 5977 6712 3341 9285 8346 9795 7665 5265 4243
264 3279 7886 1239 7484 1052 892 721 9323 934 1226 4272 876 7153 447 3074 7615 8830 9244 925 6537
265 2649 5410 2380
266 7427 7933 5216 587 3429
267 9529 2669 6441 4810 3598 7942 2379 9178 6692 5962 3894 5715 8716 2288 7296 2555
268 2361 2096 2506
269 9123 4198 9205 4391 5431 6379 5284 6667 2993 5335 2612 7883
270 3167
271 3531 9370 71 5487 1033 4436 6179 3601 8159 8716 935
272 4079 931 504 6088
273 6533 7919 8197 274 7103 2169 8457 5835 372 949 6354 4624 9265 3371
274 9855 8325 1026 7735 1735 1308 5506 5769 4686 6254 3936 450 4765
275 6353 6357 2361
276 1259 68
277 5227 8386 1431 1714 9757 2749
278 2224 1909 1983 5994 3696 6975 775 2644 3704 5122 6938 4311 4527 1984 8343 1534 1668 935 155 2013 8907 3885
279 8876 576 6209 9937 3600 1930 7879 5203 6353
280 3975 6798 794 4055 105 8037 3716 471
281 7484
282 2554 5265 1816 4628
283 7322 7130 2928 7156 2116 9759 1405 9844 8275 5252 4400 8134 259 79 8994 6538
284 6989 1509 4916 8383 3784
285 9596 9089 1212 6497 8121 3735 9304 9220 5219 9009 3167 1543 6258 7997 4020 9842 8491 7699 7880 2986 3163
286 8866 3913
287 897 1566 8166
288 9454 8347 8521 5439 9439 6247 8422 5507 3032 4034 9979 8994 7762 2962 2240 5219
289 8637 2324
290 5706 2354 2405 5870 2572 9920
291 6436 8523 4653 8648 615 4889 5706
292 153 2541 8190 1541 4773 5227
293 9596 515 2503 4899 429 8955 1115 863 5848 2288 7
294 8962 7757 3548 6439 2503
295 6697 8559 173 563 5679 6245 2027 3975
296 8596 8812 2119 5525 8064 7721 3946 3121 1117 8130 6604 5738 7208 7691 5552
297 3512
298 9678 4852 1205 8010 4513 2571 5399 5732 5466 2170 6377
299 3429 1280 8510
300 6646 3714 2388 7614 4280 5795 4688 3202 4081 7215 3846 4958 4352 5385
301 568 4213 5691 4636 681 5790 1998
302 3573
303 6868 8664 2849 6172 1691 6197 5704 419 847 3303 9533 9007 8994 8644 7949 8722 3894
304 2851 737 9577 2823 1405 2435 9937 9460 8847 738
305 7738
306 3436 5011 5062 5510 3791 5972 7538 2986 2696 8946 6920 8487 9533 8005 3043 8116 5572 4801 7569
307 6890 1851 7749 7031 6989
308 1727 5779 4953 6589 4856 3017 6177 1863
309 3793 1861 2465 2680 1914 4403 8219 9142 7888 9299 4199 4664 1752 2368
310 4488 7024 7676 9067 7996 7982 4422 2465
311 8865
312 7398
313 237 797 4158 8397 506 2481 2018 3074
314 932
315 8988 7081 6703 576 5598 1068 2077 3313 9834 7652 6538 116 5880
316 4130 9719 5261 2294 80 463 5252 6697 1411 9298
317 8857 1507 2347 9122 4630 5956 9726 8295 6311
318 9792 5944 1983 4694 3848 2960 542 3869 4268 6139 1784 2340 5412
319 6483 2058 3500 4936 5491
320 897
321 8137 6290 6345 9590 1693 3354 4456 788 5399 5748 6613
322 7803 7977
323 5227
324 1804 1605 5481 7092 32 1464 6476 1207 8889 797 7608 5762 9075 6613 79 1731
325 8124 1174 2961
326 1558 4153 7315 2840 539 4165 7158 1067
327 7112 5993 4820 2962 8646 2914 8738 5191 9799 5053 5554 7652 2288 8462 9007 2643 4901 7949 780 2240
328 4552 2655
329 3861 3598 7107 1457 6602 7144 8202 2696 1016 3836 5340 8491 2555 2962
330 2835 2572 9967 7324 5238 1309 1416 647 5592 6938 8491 4352
331 4202
332 4976 8866 2023
333 8262 6701 2820 8988 4149 5680 1032 6700 7705 211 5880 9178 4909
334 9104 211 3252 4552
335 608 9797 226 4327 845 8080 5199
336 8536 2264 4578 1168 4706 6888 655
337 4344 1402 83 7311 5285 8597 8488 6587 8672 419 8512 1668 2 7153
338 4815 6875 8514 2327 3415 5805 3953 4639 4858 7500 8079 8237 7522 4787
339 2702 4202 7723 4139 857 1202 5447 65 865 3584 9640 9579 1150 2458 6014 7105 2962
340 9417 4752 6625 3726 638 1643 6557 5577 7861
341 5059 4981 6405 2986 4029 4792 3196 1765 461 4486 84 1299 8495 6141 6827 6030 7429 7762 1763 2288
342 4445 164
343 8166 6589 1582 1321 9458 2986 6242 8495 5290 8116 3936
344 4961 8545 9714 3017 2832 1305 7114 8966 1566 2867
345 2880 6782 1052 7890 5796 5283 477 7799 4401 5059 6635 1343 8125 9465 1668 3261
346 8143 1700 9157 4888 7128 6271
347 1239
348 5611 4298 3368 1417 452 9949 7343 9956 2155 9545
349 750 8088 8398 3188 1354 4477 512 8190 3174 360
350 4935 973 9966 2129
351 5811
352 6644 3100 7545 9391 7652
353 8099 720 1003 6941 7091 2844 1179 2455 306 6095 200 9930 9270 321 1343 5869 4326
354 4279
355 5674 6246 8617 6581 3522 7453 10 8265 7175 4974 856 3944 5962 205 5715 9968
356 9634 625 8740 7823 1530 9067
357 6674 1399
358 7460
359 5093 3727 1639 4782 7027 3721 3575 5659 242 3514
360 1119 3505 7861 3444 678 4280 1278 4083 9902 2089 8269 3586 7413 883
361 9912 1196 7813 3436
362 9782 2745 7605
363 6929 2600 4988
364 9222 7378 8739 6058 9720 1531 2785 9178 3782 3215 7212 5636 6030 1343 7709 3074 8227 2413 6101 6258 4985 3043
365 331 7745 4234 7662 4693 5441 1170 3992 236 6618 7212
366 8866 6322 4050 1606 944
367 5664 947 5782 8483 8326 5184 4421 419 1920
368 7750 8888 7926 568
369 2559 4075 7915 9170 8603 8224 2188 262 3580 8686 3023 6692 7120 979 3113
370 8118
371 2848 4976
372 2384 9397 3701 1474 5601 2789 6125 4751 5702 2943 9533 6842 9656 9244 259 7762 352 2668 427 321 6101
373 4273 9422 9469 3544 2662 4147 709 8807 4445
374 2702 6380 119 9894 7722 7879 9877 4324 5890 644 9533 3074
375 5874 5568 2443 2827 4663 5585 8729
376 5697 4961 1139 1216 8558 5264
377 432 3216 2011 7308 6745 7514 628 624 1932 7133 1752 7179 9075 7732 79
378 229
379 4889
380 9099 1089 9729 1764 5510 8137 3744 624
381 1639 2817 453 5835
382 2826 4040 7663 9300 3988 6093 6881 5082 7926 5340 2155 6290 2121 5219 8134 1774 8125
383 4158 2919
384 2655 9225 4992 7835 9234 9942 8586 9845 4484 7481
385 7215 5600 667 3860 6661 3031 3235 2627 9491 4082 9152
386 9123 4025 9967 8770 1518 6869 2415 7275 211 1161 6311 8406 3877 5715 4352 3758 7438 8269 3731 6161 2962
387 3429
388 3501 9813 8532 1228 9612 4064 5821 7066 4237 7453 6030 4558
389 9155 2820 3421 1228 9797 9524 6151 8510
390 2702 4976 8962
391 2012 3770 8511 3048 5175 820 2707 6489 7849 2846 6657 653
392 49
393 7424 6436 7387 3943 8988
394 5602 411 7047 986 8244 4693 9865 586
395 2359 4656 9475 402 768 5575 7689
396 3912 1303 3852 5498 1288
397 8868 1579 4354 4928 809 2114 5679 2066 5465 8775 5147 6265 8887 9253 4871 1920 1364 7105 5715 7153 9968 2962 1496
398 1426 4576 9259 5141 2978 9451 9867 2116 2226 978 3136 7608
399 8876 9611 1727
400 8448 6456 5878 5776 4565 2724 6242 4149 3702 4035 1984 6538 6458 4985 2 321
401 5835 8725 6993 8736 1984 726 896 7974 7382 9434
402 8872 5214 2699 8148 5572 1660 921 2347 4271 5008 7426 8281 1935 2 6477 3758
403 8559 7565 8898 6297 8267 9668 494 8812 5507 4143 7740 6376 5389 8032 2288 321 7177 9036 7413 6044
404 3480 4138
405 2705 9681 3171 608 6962 5259 6537 6139 1594 6573 4664 8028 9145 2113 4230 3942
406 5436 8045 6838 7109 4496 1977 4838 9035 2885 2555 3232 6258 9842 8644 5307 6547
407 8954 2555 5912 4998 6940 3618 3531 2564
408 5010 5508 3454 9225
409 7025
410 73 6563 5683 3611 714 1531 5013 275 8724
411 8035 963 7142 6964 4935 9419 7051 169 870 2491 4091
412 9782
413 2153 9115 1187
414 3913 9958
415 8190 6783 3467 9186 98 4513 1402 523 6781 1430 2121 4176 8293 321 2630 3111 8267 7087 6236 925 2
416 5079 9704
417 9338 2554
418 3668 7994 335 3321 5010 2092 32 773 9802 4260 8005 311 9968 745
419 9231 6052
420 8616 2864 7488 6735 2725 2539 7385
421 6088 2765 712 4871 6371 7738 8687 2170 4592 3381
422 3573 1335 2152 45 6837 2505 8953 9620 9596 7526
423 2129 2689 7738
424 7385 8400 9445 1765 9077 3203 9432 3220 912 2735 7391 8986
425 2233 3580 9198 9123 3126 8272 7914 9196 723 3612 5962
426 3429
427 5835
428 8064 9534 7286 9636 7128 1489 5460 309 9936 7153 9075 8832 8431 7438 935 2240 7751 2555 9299 3144 412
429 4867 4291 9939 2575 6920 3959 8687 656 624
430 7437 4955 3459 3300 6546 897 7695 7751 7153 2240 8387 5383 4527 5326 9374 7652 6613
431 3252 8387
432 6563 5584 9738 9726 4323 3506 1161 7092 2329 2895
433 9824 4001 5701 4649 8993 2999 2326 8046 9861
434 181 953 8272 3401 8898 1279 9123 8879 5053 2983 5407 8005
435 7738 1507
436 9962 3274 147 2587 8750 2289 2173 6014 1430 3184 2986 2 7652 321
437 6879 5632 6707 1349 5717 932 4589 2986
438 8192 805 825 1398 3480 723 396 5085 5109 686 1607 76
439 6646 5085
440 4722 9777 4996 1755 9860 6114 2861 5286 7067 8693
441 3440 6644
442 5252 5146 4430 3168 8637 3986 9948 6115 733 6348 2327 5341 9842 2927 9244 3982 9968 2643 8193 4314 3074
443 4251 3695
444 2089 2284 4511 6114 3217 1063 6660 8632 9677 9842 8711 2322 979 2668
445 5939 4889 5075 8485 2727 125 905
446 3946 8447 8341 7562 9462 2104 1162 22 4927 5617 3804 5715 5341 9842 7845 8462 1105 2962
447 9543 3105 7385 4656 9864 6520
448 6994
449 4554 8559 8267 2937 2658 4772 3002 6852 6330 205 8491 8293 3316 3783 1430 2464 5748 9244 8832 6613 447 5307
450 7512 2539 6525 9893
451 3556 8042 9359 1481 1560 5748 5725 5329 3069 372 4135 3044 8710 9681
452 2703 8642
453 6994
454 3793 5996 6897 3773 994 5596 4271 6114 8588 3986 8711 2114 9907 250 427 6672 105 4664 9075 8644
455 9920 8940 7215 1683 6837 9643 298 7824 7419
456 6834 1363 2305 4961 750 1748 7157 7827 1765 7077 8711 5880 4531 9013
457 2291
458 3252 3167
459 68 8021 9568 4867
460 7107 5339 3260 390 5283 4663 9811 4333 7030 6349 8198 2962 3808
461 5617 2159 5698 8676 8683 8441 6006 3195 3731 3230 7663 8155 5428 6507 5385 9903 8470 8600 1948
462 2406 5924 8765
463 5351 1666 4692 7741 5198 6449 5093 2406 3176 6386 8521 6938 79 4340
464 9210 5051
465 2767 8536 4748 7843 6278 1695 9702 7010 5993 7120 8491 321 5880
466 6662 3333 2849 5835 9049 9855
467 4853 1239 353 8866 8616
468 7249 2508 4980 9092 7998 1324 6977 8501 6889 3377
469 7142 485 7475
470 3342 5963 4550 191 7981 4826 9338
471 5650 4895 655 8418 1572 4878 2480 4912 5323 7448 1889 8097 2104 3971 4045 2147 3404 2121 1353
472 742 7040 1281 792 752 9122
473 9682 2015 9308 3100 7680 6882 2852 9182 9409 2629 8146 5307 4352 6101 2327
474 5659 3968 4881 3683 4770 314 9682
475 5562 1166 5936 5764 2921 134
476 4402 9831 5032 7772 5291 4084 3329 183 4024 4110 6961 1474 9566 3783 5401 7699 574 6054
477 3525 8040 4555
478 5525 42 9419 4609 8676 8812 8324 6080 7264 3371 4855 7153 3936 7762 3012 5724 8092 753 3830 9483 9930 9007
479 4987 5515 7773 6408 7428 8886 1748 9960 4563 2014 5219
480 6177 5602 3841 8083 6664
481 7398 4406
482 7107 1269 901 5277 1838 7305 414 5704 7297 427 4855 6327 2555 8125 3261 1625 205 3964 8491 4352 4901 8387 745 7880 6547
483 9937 3070 4196 3674 8744 8811 8189 8617 5757 5277
484 6192 7272 2826 2992 7743 4726 1103 1312 9587
485 4806
486 6602 3997 5960 2848 2216 9972 3525 3866 2326 9409
487 3942 2942 9264 653
488 8664 3123 1909 8793 775 2224 587 9395 5155 5962 2 6030
489 2079 4704 3575 5152 4185 7137 4702 5058 3139
490 2324
491 8646 98
492 1201 4161 2905 6707 5435 9382 2531 5065 8987 1574
493 7024 4001 9064 5350 3650 2079
494 6901
495 7371 4470 8866 9183 345 4416 6291 3510 8472 9509 1690
496 4523 3448
497 5350 6055 2541 3739 229 9534 4987 7369 7192 8609 5715 8005 321 6613 4326
498 2584 9861 3082 3451 6995 4473 664 2894 7115 8005 7762 3012 1668 8043
499 6994 1324 4665 5892 5438 3862 3140 6158 742