100
0 3130 8580 3349 873 3304 778 8153 7037 671 6855 6575 6040 8813 8434 6249 7698 9820 6038 2144 8447 4972 2901 6592 5769 5780 8976 5441 2789 3235 2392 6242 2066 823 8376 6693 4016 2024 2406 9060 3543 3266 7673 8849 6836 4448 9661 993 547 5391 8027 7226 5356 5654 6850 6235 9051 1994 9504 6824 143 1983 4257 8115 5266 1979 1632 5429 2633 5542 7252 8192 7324 487 7151 3987 7717 3873 8437 116 1697 9040 3488 7669 762 275 8406 3251 5690 8284 3840 4497 9114 509 3395 7600 5309 6029 4300 9762 5349 1188 6081 4983 8395 1360 9299 7531
1 4255 7585 3093 9372 1526 8007 1722 6602 7967 8700 9973 8040 187 404 3958 5801 8263 6533 8375 5196 9358 9869 9079 8590 2642 2782 3695 4757 4587 6140 9124 2481 2424 4301 709 5270 7210 8115 1670 7561 6051 8188 6169 356 342 1554 450 8824 3874 835 2908 7965 2632 7975 204 8565 8805 7319 8956 8836 9671 9062 3823 4280 5528 4028 8320 604 617 4285 9264 7303 6226 2374 5330 1423 790 224 1097 1430 2986 2396 4170 1006 1501 8312 2803 114 8531 6580 7793 3457 1316 2909 8821 9520 1416 5667 9983 1369 8861 5224 647 146 7541 677 1324 9334 5577
2 8836 3089 6079 1633 2827 5780 4176 8660 3597 6209 372 9480 6187 985 1225 4580 4567 4306 3416 403 1456 9411 9102 5247 7833 4752 6116 5450 9355 2495 665 7402 7169 3019 2097 8019 5541 4849 4233 7432 5413 4738 8869 3836 6399 7849 4462 8958 2154 344 5773 9390 3797 224 1672 3327 7647 8651 6437 3272 5991 7785 1759 9395 1692 8127 619 3350 34 3752 9738 3609 2323 2248 4791 1746 8391 5188 6805 4831 7348 7665 8270 4370 7090 2696 5281 5950 191 492 3182 9007 7048 9097 5909 8986 3379 7905 8147 5521 930 5681 131 6375 3854 3846 1756 7712 1441
3 1388 8988 8816 2297 7484 9297 372 4484 4222 571 6415 7597 5051 9000 7470 662 1181 7899 9339 4677 5148 2193 8100 3738 6089 960 1140 3005 5332 8869 4474 4591 3520 7977 7914 6984 3354 6293 1392 5536 1952 3003 9951 1615 1890 3549 7361 6240 574 9683 67 2730 5382 3757 8186 7208 4813 5967 9503 5280 5808 1457 5125 6353 5200 9597 1102 1203 6640 1361 366 703 8633 3753 4653 4907 7147 8720 9105 7418 9134 7746 98 9919 7439 1768 8664 1884 377 8339 7557 7264 997 2061 3588 975 9612 3139 6977 3683 6101 7804 1912
4 2730 6537 5181 2634 8134 5898 8865 2837 8217 6366 4472 9874 7781 9636 2716 7660 8610 7090 9314 4777 4213 2501 8727 8436 3844 7402 2089 952 2403 5187 1794 4290 6948 5926 3080 7864 2387 1002 8114 3939 3938 4567 4162 5514 9967 1210 1881 2413 5034 5289 2309 7040 5246 4120 7634 6535 2004 4002 734 7596 2114 3910 5215 8216 3333 6687 8154 5894 357 212 8550 3088 8650 8063 7312 5097 6407 5224 7687 5921 3385 6410 8639 9811 6466 1761 3707 7912 2840 8531 5821 9546 5988 7450 1976 8748 412 4743 4728 8983 2608 4584 6828 9311 712 7408 5015
5 3079 6102 6120 3144 9074 6855 5455 6586 8765 4278 6017 7069 5751 4079 656 3650 596 9005 7906 9563 717 6706 6405 8788 4594 6349 4284 9914 6852 163 5304 2214 7619 1778 5393 1966 2573 8584 3612 1646 6742 8734 6904 4114 4098 4395 4567 4035 1379 3289 4238 4279 5008 8426 3390 8461 3884 4504 5627 6509 8654 2822 4851 8493 908 77 9913 9269 9632 3203 7276 6320 3275 4147 8724 4821 9784 9802 2441 7369 1497 2943 1621 698 4212 236 3046 8948 3945 6350 5337 6736 3044 5477 28 9085 5089
6 2070 2166 1622 6751 1892 8831 916 104 574 7108 3983 4364 9120 2669 5535 4076 6225 3246 8430 6521 6581 2414 1610 6446 2709 2304 5559 7709 9496 7964 1248 7097 9845 8196 6099 8214 5296 8122 521 6992 1275 3997 3894 1065 3562 2148 659 4198 7304 1795 7140 8661 8584 4783 525 461 7260 1605 8730 541 4010 1797 7394 7537 9995 812 3074 5635 3249 6479 780 5751 5247 6529 3583 779 4540 2281 3079 6019 9387 3379 2726 2593 9223 6689 7881 1218
7 617 1128 1957 2657 9423 709 3025 812 8901 5533 7071 5710 3618 4042 5164 962 5704 7467 2464 3288 4355 4318 703 8040 6596 7811 2647 5795 4571 776 6317 6904 7430 994 4755 5916 7913 3081 8473 3518 1753 6508 8478 3001 9291 5764 8749 8102 684 2607 6324 6499 9714 3716 8631 6145 8993 3253 4534 6230 250 1380 9709 9860 8385 96 5895 775 1007 1520 2013 1736 7050 9713 1314 3727 9555 8765 7102 7589 2896 3163 7809 6154 8350 9889 4052 4169 8098 1640 4490 9907 4449 2803 9992 8949 9071 6151 1685 6119
8 8934 3171 2591 9785 6373 9388 5916 4560 7026 2536 360 874 2714 4563 3744 8071 1880 3082 8019 8701 1737 8429 3588 2492 9291 9340 8537 2879 4199 7649 2446 2566 2770 9972 5008 3723 3486 9371 2495 2784 3896 43 4815 7961 2493 7211 2441 5455 2113 4240 1954 5714 9063 1230 9408 3059 5995 1806 2485 1918 9638 6421 6097 3650 4599 4603 8293 6036 5418 6243 4624 7103 2055 4154 787 7063 7911 1864 1837 4378 7808 4419 7941 1451 2146 2768 8437 6326 6471 9463 1843 3610 9207 8032 2261 5874 4461 1599 4441 4997 8735 685
9 5920 55 6859 5151 3907 4030 1813 9813 5348 4103 6608 9407 7548 3558 6266 8113 3697 3443 4412 2632 357 5044 86 9468 7969 4499 9298 7114 8051 7563 8218 4182 654 7829 6427 8604 1898 2950 9482 4897 2651 1053 4431 5589 7825 3266 4992 277 2944 1137 435 4068 9483 6756 1016 7640 1430 9315 2253 9514 7302 4825 9679 2902 4571 6018 648 2639 2545 5116 2797 156 894 8936 8677 963 1896 7465 4688 7781 7972 505 9753 4763 6818 1178 6763 1063 4685 8645 2806 6309 1121 4079 2678 3604 4799 2571 9540 2359 4441 6680 7936 2478 8333
10 5151 4390 7342 5176 2105 8233 7649 6816 1374 5913 4249 7415 3187 2624 40 8133 7441 8613 8393 7770 6729 1865 7170 3322 5079 9391 5497 1612 7055 7536 6028 1647 5995 9169 2487 4208 4706 4967 4581 2827 6941 1751 1451 4319 2084 2784 6996 6089 4400 1002 3054 357 2623 13 2911 7585 4365 2422 429 1694 2681 4884 6231 3976 4921 683 3814 1157 9383 416 6314 1364 1262 5184 7317 5880 8614 9973 6265 1654 7107 3380 8063 7146 5801 1239 980 488 2951 9606 529 6246 1296 593 708 3359 6153
11 7373 6163 650 3058 6527 8627 9570 6010 7291 1953 8146 6466 8319 3479 9497 5368 6662 4569 16 2287 2519 2534 6536 5639 3126 805 1757 3993 3775 1648 3716 299 4841 3037 5617 7106 412 6712 2055 8164 7409 8837 7848 2944 6273 9650 4034 517 7927 9538 9169 3264 2010 7320 8290 7143 163 8638 1121 8262 1731 3728 2512 4998 781 3586 7728 9209 7827 1856 7538 6122 8877 1336 4899 7588 1475 9791 4020 6824 262 2471 1061 5362 4567 7279 9610 1687 8844 1655 9643 8088 2412 9058 3714 3335 2641 745 6724 1292 2660 2789 1566 3809 9032 5640 6930 8868 7592 6439 6223 4075
12 805 9094 4581 2275 7224 8981 9908 2508 9901 7411 3478 8450 8588 5402 204 585 1080 969 6659 8859 6056 9642 5664 2136 4964 332 5159 1845 3991 3637 1569 2403 8081 9943 4806 4519 8210 9842 616 5770 4797 1488 3149 1216 5811 5139 5207 7877 2124 2679 7244 6725 3788 1972 4737 8716 4738 9899 654 721 4299 6885 2017 2821 3773 5789 7315 7580 4716 9930 6484 8394 5197 8714 7067 8838 9502 1960 3080 5465 3454 5739 7357 7345 9850 4818 5436 2240 7917 948 4122 9962 6778 7956 864 4476 6477 5526 8924 1941 3308 7287 6607 4905 5443 5784 9782 7932 5488
13 3344 9139 560 6928 4178 7797 674 7027 1968 3386 7134 6609 6003 4259 8969 5283 8489 2843 8498 6409 5877 6444 324 8454 1380 9627 6568 3294 6286 3234 3638 8616 1923 3914 2409 630 4020 3734 5092 4071 2698 8980 7210 6425 4412 4515 7526 5896 1942 5023 82 4083 8989 3842 2137 269 3172 9800 5168 5347 5838 9021 3888 9645 9819 5536 1552 8110 4675 1364 9905 4438 8903 3575 3004 9733 4701 101 9568 1896 4454 2096 4243 6548 8802 1112 8362 8712 1593 2146 7262 681 6064 9256 9660 3491 6924
14 4708 8864 4016 9792 9865 4508 8701 4959 8537 5720 4825 2184 358 3192 1216 1165 9781 8638 4478 3317 8930 8685 7987 1299 8300 2585 8916 9374 126 9976 8655 8234 7458 8915 3547 3290 5539 8407 8278 5401 5337 4686 7486 7278 6265 5868 6752 3065 7391 4938 4334 5169 5753 2769 1771 656 1474 8899 3661 6416 8650 8513 7311 6888 4188 1284 6457 9759 1422 5098 4640 8595 6951 1459 867 267 9817 6781 754 1793 6967 4747 8394 4132 8494 617 753 9712 6085 2249 1669 1236 9833 5455 6986 9645 1886 122 5002
15 6380 3582 2341 6183 9634 4938 6947 2570 7243 9157 9382 345 3750 2890 8972 5826 1808 4337 3620 4154 4959 5752 2261 4426 7806 4037 8462 2366 84 7280 7332 1535 129 491 3573 3785 2985 4032 6382 7631 1941 1877 6120 7458 3075 6735 8892 987 1971 3478 5358 9199 6595 7820 4477 8536 4590 7141 172 2933 427 4504 4455 1077 6862 6544 682 2210 9694 2699 2993 2428 7201 2628 6745 2238 6129 7330 7303 1744 1421 497 4342 6656 9744 6977 8645 1295 1059 1663 6243 451 12 1635 962 9301 8859 1903 7394 5689 7006 3662 5762 566 4948
16 5802 4191 3972 3411 5793 9384 7373 6273 3501 8130 9433 4290 3346 7864 5497 6720 5379 3410 936 5736 2267 8412 2840 5902 8266 382 3656 9521 2633 4213 742 2914 1620 9771 8481 9519 5232 3634 9160 7068 7202 5679 223 4160 218 1379 743 4732 7096 7201 4519 1714 1737 9122 1876 5079 9013 7952 9472 6755 1636 7204 4479 3816 4368 7540 6071 3977 2716 8372 3024 9775 4156 1666 8819 7489 5751 8016 6555 2362 9629 6894 6258 5125 7558 4735 9156 6847 5690 6250 237 3122 599 8565 6354 6748 8421 9283
17 9332 8762 2002 5838 6158 3461 673 426 7409 8772 6820 5761 9854 8743 5279 626 9271 1138 4696 4704 3737 5502 4732 3462 3379 4588 4332 9080 9275 8950 1691 8006 6412 961 5822 1089 8970 3989 1662 3269 7979 6325 5924 8875 5909 956 7946 2749 8994 1145 3070 9706 9641 8256 3808 6852 5921 937 6570 3586 8528 9973 6694 5196 7641 8346 8052 1277 3278 1711 8980 6677 5481 9295 3615 849 5295 3316 2161 2690 5031 4686 4181 834 1216 4676 6108 4291 9411 2126 7352 1099 2564 2630 63 6062 4528 3469 9328 1685 1517
18 4732 3458 8828 9250 4026 2683 5536 1087 9687 4000 7905 3037 8832 4031 2648 743 5129 9200 6554 3184 1423 4430 2841 9760 9596 3336 1387 5988 1789 8079 2572 7881 1543 5168 40 36 4092 3064 9614 7289 5273 7708 5183 1191 2177 7208 9376 4317 534 2707 4059 4808 2216 9534 7944 2495 8038 6444 2163 1731 9468 3137 1905 3176 6564 7277 4953 6772 8885 9877 8770 7661 5504 6023 5815 7359 9629 6759 6073 7267 2323 6056 7456 7584 4414 643 8026 8507 887 1265 718 3766 7135 4257 9569 3434 9178 1143 6767 8073 7762 4873 8715 3757 6627 8332
19 6444 5353 9663 2377 2649 682 2216 9296 6810 2000 3418 123 6360 2378 2157 2297 7844 9571 1866 8115 9436 3621 8136 5475 1857 7132 1565 208 3551 7935 4152 4408 5188 6898 5972 1457 5537 496 553 5073 5546 9401 6273 1730 6996 1392 3363 6415 3236 6888 7838 363 6112 8785 561 5142 791 7352 8616 775 2126 7536 4670 4050 3656 7336 3113 9736 8740 3880 451 8545 3641 8979 7182 4519 983 3426 3076 5292 66 7801 9106 5020 7934 8924 3475 5767 3832 788 5022 125 9004 1162 8350 3644 2032 2849 6338 4371 7270 4581 9064
20 5177 6743 6092 4039 7955 4560 3238 1566 6635 3255 1397 9180 7506 4411 8607 2648 8399 7866 8098 5860 7238 110 9669 1979 8106 6180 1825 1084 8929 3674 6969 4371 9936 1219 493 7292 8814 3692 8862 330 6267 1396 5812 1044 6479 1554 1228 9673 2691 3729 7972 97 2568 3033 8781 5807 2104 758 84 3295 3879 8020 869 463 5771 3833 2011 9746 3542 7293 5062 8159 9322 7669 6654 5620 4646 6775 7144 204 5601 7180 8257 3101 1654 5843 562 6147
21 2773 387 187 9514 604 6449 8988 7775 4334 5530 8951 2554 6602 2095 3129 7664 516 9665 7005 3526 3705 7007 2629 8193 3450 7761 6140 8323 7607 1387 4919 3349 4670 6369 3501 3975 968 2029 8975 7789 5148 5476 2473 174 4306 5249 3831 5849 105 6872 890 8635 857 9038 6919 5888 705 9703 2810 1896 3435 9857 743 9220 1965 2566 1174 3581 9671 7000 7515 5696 9130 2783 894 7418 8759 2068 8388 9067 2159 5729 8070 8203 2806 3973 4323 1545 2391 2870 9779 750 6987 5883 7376 8591 3909 2146 1170
22 2554 8370 5366 2302 2500 6788 3914 171 377 1675 4110 7004 91 9841 2113 9901 4228 8410 2490 224 8116 2224 4769 9612 7204 8445 4297 5805 1347 6694 1905 1201 7443 6369 4570 8426 6109 1491 1022 278 3382 4383 7334 3177 7831 6736 6971 3643 6370 2628 9643 4943 2378 2389 3931 41 2300 1753 5081 1557 4876 3971 487 5213 193 5190 8169 6424 6883 234 7743 2243 327 6315 6273 63 9926 4966 1171 1735 3930 7830 6544 9632 9776 1261 3326 5687 233 362 586 6868 6149 2188 1963 9942 6755
23 1445 6840 1717 6306 9521 3592 6363 8391 6523 7832 4996 7272 1214 4382 7387 9999 502 7695 916 1938 8277 6652 3168 4434 7594 4928 5921 2954 1775 2022 8829 715 9807 1531 426 8659 8471 2745 1967 8365 6897 142 6882 3230 5101 2492 8349 4875 5463 206 3640 7294 2488 8636 9352 5814 9860 4729 6433 2163 774 7752 2208 397 6074 2361 4897 8377 3261 733 6977 7086 5269 3845 5103 2873 4586 2893 6742 4305 7650 2802 8669 2631 9002 1526 854 9631 6651 2472 5749 9683 6133 5261 2116 879 2533 6121 8709 5467 6108
24 1531 2111 8742 6835 3375 6619 32 24 530 5242 9426 8966 4843 9276 4863 7892 3771 1095 8889 3508 8566 8014 1308 729 7850 8059 5173 8146 993 3863 2320 3463 5629 4320 6362 7821 5947 2526 4447 474 4616 515 9668 8521 6589 948 8324 7130 7074 1296 8995 9005 4066 3758 9859 8753 3083 6112 9065 7484 3526 5496 7715 6254 3933 895 3644 4860 7491 8841 369 8809 7467 4890 8202 6397 6301 8894 7250 8396 4546 7286 7735 9307 3399 9641 6607 2272 7818 8190 3335 8075 2078 1101 9012 9297 4302
25 9204 681 7446 7308 9898 7880 9192 5287 8501 4042 3503 8497 588 173 5327 6364 1325 9198 6511 9310 6550 850 6943 8681 9479 8858 7760 8505 9609 6891 2261 1706 8901 3402 8431 1398 4386 4442 1235 736 5568 8801 5587 89 5149 1583 6715 261 7756 331 3289 1958 9305 2436 5291 4204 3942 9409 298 6869 2845 6890 8849 4359 1139 7453 5023 5471 8461 1863 4270 7300 7349 6608 9865 314 7620 2440 8511 7065 9659 2223 8953 8531 6027 1475 6090 4431 4625 5941 3433 9626 9491 5192 3425 8609 1331 7526 4212 4676 6348
26 1197 4561 7516 4665 5257 2905 760 8490 4155 8569 475 9669 3347 2736 7986 5101 8154 3680 7915 6508 1097 6956 7117 9882 2463 2513 3938 9079 5671 4215 701 2521 832 1735 5196 2689 1520 5750 5925 6032 8864 6565 6905 9649 6607 6126 3063 7184 6493 2465 4918 6794 5411 9915 9309 2890 3200 6928 2805 7760 4856 2671 2644 7006 4195 9810 3896 1261 1409 5545 7431 4809 322 9005 6268 8340 1478 1839 1427 8355 7656 5295 4578 1958 1313 4648 7226 5258 5627 6563 3872 3828 5473 2596 7016 3825 8732 4624 4928
27 7276 6992 7019 9975 8663 3240 9682 6632 7525 305 5468 5615 5029 5658 2494 5356 2025 9831 1881 5182 9036 834 9789 574 4090 4326 663 4400 1075 1976 1263 7207 2073 6690 5350 8653 6526 5406 891 2135 1964 6895 6563 6383 8855 7729 1783 3238 3964 6626 4105 4763 9576 3435 855 8928 2991 3066 1698 8476 2340 1030 7877 5661 1182 5606 9437 2545 7973 5978 9957 9810 7572 8557 2716 759 4314 484 8860 2151 2511 8848 7357 9781 5131 7436 3358 2813 3122 2809 454 5436 6387 7948 4196 7244 6860 9949 231 1353 6405 3003 4070
28 6383 1710 6150 944 9690 3918 9063 8308 7655 8237 2624 8607 1066 9079 387 5494 5681 8639 1789 2648 1594 4592 9054 6048 4265 7687 2975 6510 6442 905 3984 748 4315 5176 6809 2310 2172 858 2485 428 7406 8016 7387 9605 3447 7601 6494 4799 4102 9481 5561 4870 3023 2653 54 9893 4997 4219 9052 7095 9953 3093 8577 9038 5315 5148 4798 1250 5660 6909 9678 5143 4912 4950 6519 5488 3868 5226 9581 8077 6797 9591 2518 8771 5611 6071 7552 3917 4575 3264 107 6216 8038 3383 5188 6319 931 4759 3260 9036 7186 8384
29 1789 5341 8320 1651 2716 686 106 5517 5949 952 4771 1396 6605 2456 6562 4256 4484 6086 1427 6108 8453 5595 8311 7819 5190 9292 116 1871 9130 8381 2912 4068 2338 9326 5668 1635 7725 9750 6138 5786 7250 3358 8587 9069 4832 9964 1471 7489 9863 3589 7336 9490 6356 7669 1366 8433 3367 9342 2505 7816 8838 3373 5995 6609 7566 8296 7406 6055 539 3255 9104 8557 7947 8656 6031 5538 3030 8337 8183 3191 1476 8109 2178 5128 837 1999 6060 6345 4394 5940 6503 9788 8020 2263 7529 9939 3534 8697 2718 9576 2414
30 638 4815 4673 4770 5954 7651 8217 337 7704 7486 2404 1732 5243 4852 5701 1728 9151 3987 6032 315 4045 3866 3164 506 859 3933 5665 975 7030 7349 4208 3593 2262 2448 8963 5767 666 3174 1781 1852 5244 2800 2422 1618 2667 2411 3977 9800 8895 4829 2917 1717 8361 1341 6467 5909 5596 1079 4717 9133 3231 3470 1546 7890 7769 591 9434 5339 4483 1383 9997 6783 9190 4962 6978 1898 8246 9258 960 2566 7603 5498 9443 5650 3064 6856 9692 518 5647 1270 6170 933 1329 4705 6507 6310 8458 2926 714 5277 8645 6513 609 5133 5171 3403 3591 6130 7570 9858 3145 4917
31 6032 5466 6311 2749 3446 2855 9364 5872 576 8079 3824 5202 6092 6341 8228 984 6499 53 2619 7814 5413 6646 7126 1999 9474 6868 5957 2830 6024 7485 1408 4162 288 9195 7798 8245 3246 9705 31 8478 6342 3969 7475 9725 2807 3234 2930 409 6382 7703 2072 1001 8361 8271 4928 2495 3766 1465 8997 4737 8431 3255 9396 4328 9934 1213 7167 4854 4711 1731 7861 1730 5946 2842 5468 5990 4718 2743 9752 2146 1648 8062 3876 8730 6867 5072 4398 4852 5359 1053 4876 9479 5696 8520 9864 9056 2774 1689
32 3986 7204 8220 3318 810 9312 705 745 324 5159 5183 1814 1693 1208 4553 8837 8702 6605 1989 7681 155 1022 5266 1325 2889 9100 2349 4768 3357 1483 5477 874 3039 3397 5581 1994 2288 6402 1020 1486 6199 3348 4655 5695 4656 4212 4995 4601 9714 8457 6023 5382 8685 9830 7918 5853 8094 6942 5078 6114 2732 8855 6201 269 1135 8857 9155 4686 4521 8514 4279 7678 3150 3233 6813 6963 9277 4970 3343 3400 7524 4690 3888 522 8612 7147 1282 5882 9888 4662 5885 8730 772 9504 9036 1795 8304 261 2415 160 329
33 8299 1237 8513 6138 2491 6396 7720 6260 9320 7878 5795 6526 1700 4837 5186 6967 50 22 3893 4408 5947 5818 7326 531 5401 7992 9681 5002 4777 8912 7318 9986 6391 6558 207 443 9163 9395 8453 1785 5275 1298 9441 5011 3069 8512 3160 9590 4471 4978 585 2925 1167 1185 3117 874 6039 3776 1174 9242 694 482 8516 9331 7298 619 2120 4454 1565 2995 115 6286 4250 4037 3808 7735 2456 732 8564 8509 4342 2951 3273 6106 1266 2782 5778 5615 7225 2610 6606 3595 6820 3677 9394 8938 2024
34 8912 4037 2521 2557 5667 5076 6497 1064 7842 3257 9596 7103 1178 539 4263 1098 4438 840 941 7724 7832 9 2294 8499 8016 8248 655 7255 4594 4799 4130 4469 2812 3723 9569 1996 9005 5475 9406 1155 8113 2657 7397 5403 4572 9394 3596 1320 966 4458 6326 9160 4207 9450 927 6492 1067 8627 8509 2312 8636 112 8166 9038 909 2970 3752 8726 3595 3989 3332 2691 2864 4533 1413 650 3240 5278 8930 9497 2735 6912 9969 274 1984 5753 6675 7983 3648 104 6227 2480 9506 2700 8427 7458 5650 9495 3528 5397 1741
35 2248 2161 7455 7704 2722 6213 5304 2056 5173 7944 1199 9098 1723 5137 6466 5708 6164 7629 1930 2703 5103 2866 214 8348 6076 2212 7302 5509 1920 2034 7994 1003 8633 1495 1700 1774 9815 7933 5541 5516 2088 335 7623 8657 6817 7472 5204 684 3864 5287 7961 7678 7009 4484 5018 2342 993 6141 9876 2581 7898 3295 9917 7545 5354 6857 5660 9867 9382 5283 3895 1625 6042 2831 7069 611 5932 1532 8294 5838 990 3991 3784 2202 6877 522 6372 1530 5111 1163 2198 8613 8564 3606 5066 2002 9860 6201 4898 6116 7824 1359 2279
36 2161 6433 4149 1384 5345 5978 1126 23 9734 3707 3119 7223 3983 2663 1021 1915 4848 2288 4266 5995 7747 9604 9330 9611 3656 8751 9795 1445 151 8173 3151 4860 2644 3461 5471 5589 2492 5054 8881 8685 5609 7824 7500 1215 5697 7472 9039 4352 1638 7370 6143 6808 6009 9928 2943 6234 485 4226 1195 37 1264 9801 4889 4612 8432 5660 3822 6571 5398 9678 329 548 4455 5518 3843 1163 5452 3802 5511 251 1932 597 1694 5276 6255 6403 5907 3101 4835 8201 7581 3713 3818
37 1021 978 9581 2637 9949 6399 480 5000 6742 6093 1271 5670 8087 1624 6142 4750 5241 4230 5618 2514 2643 8702 8331 2925 4646 2805 7473 5086 9363 1408 6948 105 4049 698 7717 4448 2751 3155 5427 8475 4132 4952 3935 479 2510 3442 3779 9539 7858 8772 8621 7356 3896 8422 6209 1080 4602 9196 1338 9765 6927 4721 7165 3228 3354 6263 1453 2519 496 6464 1576 2332 2559 2646 3236 7667 8471 5571 4120 6696 8693 7746 5777 958 4258 5757 2848 4361 8070
38 6399 5670 9988 3613 1694 4598 224 1528 490 658 3693 5695 4137 1408 6157 1526 6462 9357 2758 1593 6760 1747 8237 4334 6492 498 7047 9595 1573 5362 432 3395 3407 7023 646 5490 8538 576 7086 2762 9537 3807 594 3302 5276 5438 9333 8804 8537 3737 8175 6491 6943 1387 4723 2514 2733 6796 5484 3961 5040 3195 6982 1604 8629 1693 3552 3154 4812 9180 1555 5736 9746 9319 4778 4144 886 3539 676 2282 9533 9406 1309 5160 9856 1275
39 6785 1355 6492 8869 7062 8307 8651 170 7656 6155 7339 4344 9598 2428 285 4899 9562 8524 1060 4285 7167 6033 72 1335 5455 5445 5356 5447 6167 1147 1308 672 2795 8096 7843 8567 9326 3507 1830 7079 9319 9276 444 3092 8490 5451 1852 3949 6257 3313 2527 3514 6617 5041 421 9906 1790 7748 7585 3269 4666 1727 495 5485 4946 7786 6552 3165 6674 6763 4215 2971 1860 9682 4035 7159 9648 8484 4361 215 7031 8997 9661 338 3536 6092 130 5820 5955 6126 6645 5824 1425 2816 1077 1131 6904 6305 9534 1712 4529 7574
40 7843 3787 4946 1254 9642 544 5447 1740 9437 9466 232 3766 867 7753 9762 1079 8048 8396 4190 154 3777 7365 733 3580 1699 356 5889 3474 5509 8933 5489 2020 9728 2700 5771 1327 4007 9269 8773 8105 8165 7335 4480 9755 9769 1709 7615 1036 8372 7967 3502 8332 3500 7108 2125 1538 656 2525 1436 3005 1562 8037 9894 2365 7618 2320 1606 4020 864 9723 4507 2439 2431 3273 6258 6772 196 4703 8254 8438 6282 170 4066 5250 3182 998 1435 1213 4533 8858 4383 3865 4987 3557 3431 6809 4778 2195 896 985 2657 2442
41 3474 4942 9418 7784 1144 6174 3782 6833 1332 2513 5902 6806 6154 7078 9820 4229 5812 8512 6913 8123 2268 797 94 6097 9875 7783 7997 5605 2913 485 8100 2809 2759 6722 8717 7720 9800 49 5014 1037 1503 1233 9997 6061 4355 6028 4668 5802 1847 9515 7683 2091 4914 6894 8062 8958 8941 5437 7218 9341 4964 8707 5369 576 8205 9988 8412 3438 6942 8265 8340 5139 8240 1724 2602 241 1844 3341 6167 2090 3483 3457 4897 401 3199 614 2504 3307 6162 4188 971 1898 8625 8040 9780 9309 1080 9449 5687 7792 9657 2234 460
42 3099 8320 7720 2682 559 2033 1415 469 7142 9163 4352 2499 533 9299 5756 4730 8269 5327 4834 1915 9101 8882 4674 7028 8653 1030 4926 9727 4411 6031 1341 3640 3171 1767 7285 5988 7903 6101 3731 4180 1033 7622 6187 6457 4704 9053 3897 2983 7332 7732 4450 2479 3194 6412 3662 4792 5323 6169 6159 721 7138 5943 6063 3451 4849 8738 2755 748 6614 8827 2396 2496 3958 6821 7695 6167 1921 563 1858 3517 5930 2250 6053 8736 119 8508 4155 5046 2622 6878 517 2166 7037 9967 9151
43 7142 8076 1003 999 1132 3799 6383 5343 8710 3885 6954 8639 4385 1975 5260 2579 6280 9297 9413 9238 5536 6865 8968 4478 3480 1418 3289 8466 869 6709 2150 3543 1215 1823 9938 5251 3494 5 7689 3414 2040 1112 6772 5222 3407 7902 5142 3764 2447 463 6740 2582 58 5270 6298 2241 8070 7967 3395 1234 875 8780 530 4625 223 2686 3650 3189 4514 215 9959 4446 9428 8820 9991 1683 5896 419 4764 2270 1556 9386 6843 3702 6391 573 7910 4383 6197 4125 8121 6450 2509 3696 3383 3236 2637 9519 9452 3532 7332
44 4523 6860 3813 9098 4919 4806 4863 3232 5995 3685 9292 788 6704 2614 7562 2287 5195 7808 8324 3193 3307 8952 783 841 6386 6118 2023 5830 9565 1079 2892 9699 2712 9395 3124 5149 9080 4013 5468 7222 1358 603 6835 2620 5960 4028 5970 5869 837 7078 6792 1849 9453 188 8675 1401 2330 6811 8916 5781 2353 6604 782 9025 7899 1009 3821 9451 6285 5081 7875 6041 4150 7744 8051 5063 6361 3788 5914 8022 7807 9731 2381 3638 1534 1953 6802 9432 9670 4512 4286 3421 1414 8536 8371 6880 7683 718 8570 8591
45 496 8901 2711 7142 4521 4104 2548 4562 7270 7829 5902 318 6565 5196 6645 7765 9881 255 8338 8704 5577 8989 1178 7546 4074 6833 6893 6450 6461 319 2997 3760 767 1602 8744 7610 460 7996 5480 4220 9315 5665 2289 8383 613 6561 167 9799 5501 8648 3482 3339 1960 9070 215 5100 9044 6351 3240 3245 1043 5600 3454 930 3610 9553 1893 7984 5597 239 1208 7649 1035 788 715 9778 2965 7389 2166 8307 1895 2320 5233 5211 4517 7714 2788 5140 8700 7181 2796 5486 4505 5097 8069 8427 1358 6233 3413 7489 581 8479 5058 304 7206 3698 6083 4994 293 3858
46 1613 6175 1515 5925 6155 5773 9179 5667 9551 8716 1792 7516 848 3047 5435 2854 5730 9642 8370 7930 7260 9258 8856 6610 2583 5351 2640 1774 7657 5199 2841 8602 3808 7658 5962 3260 1552 2945 5797 7306 6601 5246 9196 6016 7679 6442 5074 5686 9807 2664 6732 9747 5596 4362 8959 7295 797 9537 6294 8003 9946 362 28 8586 8945 776 4920 7484 6526 1619 4972 1522 8389 2379 6818 8964 3895 1291 4521 7991 563 9715 9438 7593 7529 3060 8963 5837 5635 4775 4966 6111
47 7276 5864 4980 6176 3455 8553 3328 4862 8668 3199 9867 7753 3096 6242 4624 4571 5265 489 9328 1332 9486 8073 7271 9428 26 9440 6627 6614 1237 112 262 1735 4201 9963 6703 6873 3747 5867 3392 3371 7141 5084 3868 4374 1598 859 7571 8510 8126 4748 3152 6494 1048 9058 2531 9320 7423 2368 6844 8332 5458 4998 3409 9450 2596 8512 5851 1781 8087 5638 4519 7602 7447 8301 1559 5001 1847 2206 2595 4475 5237 9722 1738 7263 7986 302 4898 2599 959 8085 5075 1859 6086
48 4624 6863 841 5305 2826 3670 4563 3618 9003 5055 7568 4586 451 6495 6664 5299 5616 4043 2483 8977 6432 137 6785 2929 1018 9710 4535 4075 1099 8770 3624 7032 56 711 6910 5309 3938 2160 1809 2634 7284 6446 2690 1438 2131 5152 3285 2843 2238 6141 7679 1583 3597 9077 2259 1448 348 7477 9436 2914 7767 7810 7354 5012 6323 279 5942 238 9289 6750 4072 5526 7174 5344 9827 9920 2883 9571 4903 5885 9092 3834 2357 5131 1938 3321 9283 4437 1966 7541 1450 2420 6176 3839 4429 3926 3812 1041 1670 5787 5244 6696 4084 515 8054 7396 7975 9179 5224 1220 4910 5908
49 8977 2929 734 1455 3612 6514 2831 2563 2399 8710 4255 2573 2884 6519 2212 9853 4873 795 4409 9812 5882 8132 6958 1343 6949 6610 1858 6050 7360 6010 8878 1553 5075 9015 5149 4925 8073 330 3196 9631 7717 8053 5335 1407 9264 8477 3464 3125 1945 7139 7239 7352 4266 499 6576 450 6337 6819 1072 8827 5092 8776 320 5441 196 9945 1483 8458 6505 6191 4227 3899 818 9824 961 615 4536 9958 407 8087 3733 7973 985 8417 5703 1229 7765 974 5411 2513 808 742 9368 6329 4339 45 1586 8352
50 4908 4337 4557 1912 2025 2899 1202 1370 2924 8784 5950 7425 1473 8880 4153 1552 6234 6665 877 8144 8529 3531 1488 183 2149 8243 5703 5904 4154 398 8461 7135 2962 4424 756 8035 106 3904 6385 5324 7348 7207 8517 6610 9055 3620 615 9110 4331 2805 5877 8015 1056 4959 7676 8259 3062 9228 2052 4833 6252 8874 99 7755 945 370 2342 708 5412 7659 1742 7571 5702 2162 1416 1154 6218 5494 2441 1540 8187 4995 3801 3590 287 4098 7094 7814 5025 8287 5210 762 9300 6505 5526 1509 2990 1795 1848 1447 2102
51 7360 6516 5908 5422 9470 6252 1421 8020 9577 8281 3126 6029 2152 3824 6131 2056 4810 3317 6646 8347 3910 6789 7626 947 9504 6692 875 1094 4673 7534 7590 7648 1897 8227 7313 5323 8150 9458 9944 5556 6927 9243 3782 5281 6952 9789 8247 4572 3700 7442 3348 9554 5738 8821 3682 4034 1427 9387 8138 9584 1484 6908 10 751 9119 8254 225 9917 6911 1486 3368 8063 7871 3428 2991 8669 5535 753 7676 5848 259 5951 244 5691 3997 1478 822 7096 9366 5540 9597 8673 4347 6307 2077 3549 2542
52 8491 6508 1961 118 2393 1957 4404 8313 3685 8217 3460 7036 2710 8033 8754 4210 6326 3109 8680 5163 2048 7078 6388 814 258 4419 9515 183 2984 7211 6973 6079 4507 2741 3795 5280 737 2321 4280 6039 2653 3034 759 5240 7587 7192 3873 6080 1171 757 8834 3189 2047 7776 9455 205 4093 5725 9220 4515 310 5245 6923 1854 8425 3536 1775 1012 5668 9355 5589 1645 6605 5812 4866 769 5669 28 9613 4456 7384 7597 874 8229 195 9920 7836 2464 434 9441 4707 976 3388 2299 6047 731 7247 9414 221 6088 6512 2574 5214 9169 4042 540
53 1423 6314 7409 7305 3723 2653 4456 575 3760 3028 7815 454 8791 3798 9969 1127 776 5895 6425 1280 4634 2154 2335 4645 7129 2377 829 3745 2344 6892 3698 2187 1221 8916 6985 8109 5156 6684 4639 9997 1242 292 6207 8083 2546 5684 1573 6894 4262 1734 4972 777 7846 3830 9142 6127 7574 5498 2168 622 7004 5809 8960 589 9525 7878 4310 5396 7520 9517 326 8200 5242 3068 3992 8909 857 9861 2432 2855 1537 8407 2896 6147 3002 4555 4721 2327 7065 8845 2774 7251 1263 8242 831 435 5116 7967 2638 4463 728 4079 7259 8657 4000 6244 8182 1671 1117 4913
54 9805 5925 4506 8238 6774 2222 3753 9077 7049 679 9003 8058 8581 5767 2892 939 6771 8081 4290 3707 8746 4056 4961 3057 4844 5257 7426 8850 2118 6970 8191 3521 4413 5823 6160 2158 6978 5402 2741 1604 4927 8602 9997 661 9905 541 7723 5290 2984 414 202 1057 9909 5244 4462 6536 8048 6950 4052 8897 6432 4876 5285 8354 4026 7242 9640 3853 2934 1389 3303 7878 6046 3345 1532 1539 5680 403 6029 8394 9134 5486 1663 3618 85 7461 566 516 185 1178 2927 6739 455
55 9206 1510 3705 9139 290 5487 6012 6338 3095 2351 3801 6143 677 6505 5900 9987 986 4914 5609 2206 3743 5240 1788 4998 6936 9064 8644 2799 7381 3295 5706 69 3396 3114 7450 6716 1437 7185 511 5436 5100 2291 5800 8600 4813 5323 4348 2578 1159 8084 1653 8363 7674 5314 6230 8 8890 6839 534 30 4504 5693 2277 2076 2084 4100 4292 7813 6310 9151 707 3621 3296 3689 1054 8849 2420 2352 214 8924 8510 5454 870 5905 7882 4610 6662 812 8403 5408 538 3018 6410 5660 9651 6856 4150
56 37 2428 3591 7250 4460 8280 9101 5022 9421 6446 6862 1375 3886 9039 229 3749 5565 1247 2154 4303 5311 5654 5961 2950 7019 6345 561 8762 3789 8969 2209 806 4799 9108 5678 182 5090 3835 5926 4170 9454 5283 579 2288 289 7188 696 862 3892 8869 2354 6547 5963 4502 928 7916 9719 726 4039 3380 6384 5692 7120 1860 6614 7114 4009 1365 3976 8005 8429 1307 6623 8891 1574 3109 5346 9129 9960 888 5981 4190 147 5581 243 8390 9465 2634 7510 9509 9783 4057 5340 3940 8425 7115 3181 9096
57 4615 4834 2187 6709 6580 7758 4752 4034 2975 490 3399 5532 5384 7920 3342 2528 185 1372 6480 3828 1269 1761 5524 6464 8724 3204 8342 7602 950 8594 945 223 7551 3113 5375 9249 7607 585 4341 8329 8580 9446 8138 5116 8351 4631 5164 2352 4732 7904 8901 1658 7828 358 1197 4077 3649 929 9873 9392 6093 1924 1030 4690 205 3150 8826 3691 1771 4821 2684 5866 4600 7824 2334 2786 592 3466 2719 5079 5125 2583 4030 712 4779 3515 9560 3642 2600 9341 7531 5410 1252 9727 9524 6085 517 3121 1780 8816 5100 5471 2387 7033 8162 6055
58 5547 4675 7917 4145 7430 4546 7742 6503 3663 5654 2410 4054 4788 2468 1357 3666 1565 5387 6586 7431 6905 1460 7031 890 5062 8478 3348 3080 6500 2490 2238 4976 7956 9252 837 549 2859 1474 4667 3811 989 8146 2638 1351 5759 9470 3659 1142 8642 4116 2499 1638 121 1537 1713 3708 4344 457 4595 2952 1052 266 9310 5460 4397 9351 2029 3736 4926 9678 6231 8070 7477 1158 5811 5467 2071 3615 5872 4189 214 7746 1781 800 9519 3065 3512 998 8983 9580 999 8898 205 4810 3331 6116 356 4742 6057 7778 3003 8908 6016
59 7956 3690 9595 3777 2617 4957 1823 8539 7044 5081 4484 388 5292 7793 7129 9287 8324 3686 7551 5570 9305 219 1871 300 8647 4898 8682 7669 2421 5699 1134 2255 5706 7110 8451 3576 6217 4942 6552 9929 5995 2197 1992 6580 4123 5121 2335 1156 6408 7556 9877 7361 951 1650 3149 9790 5798 3051 5728 4926 6571 5301 7805 9624 1523 7332 4704 3629 3000 4845 4581 5339 4758 2169 2740 6518 9111 1071 2790 5271 9775 9029 2237 9537 8957 9333 853 4363 5126 4457 3453 8620 2002 7266 6442 9667
60 4482 1455 4237 6331 4978 3935 1671 9410 8168 2408 795 7661 4870 1781 4247 1431 4617 1057 5473 5727 1176 3499 8608 2488 9900 9711 4484 5595 6224 5500 4715 9949 8092 2326 8505 5880 3943 2131 8898 8670 6550 2577 6615 7717 2285 2330 7272 8989 8520 7332 4331 731 6402 9032 3477 2112 8455 4880 4071 3335 5721 3375 796 1424 1960 2899 673 5858 4170 7451 6312 4161 8048 8293 5083 420 6857 9693 8220 4835 7771 500 3771 3395 3307 897 3598 4695 8159 3146 2596 885 1664 7515 6299 1503 9468 3270 4836 3764 6101
61 5880 7963 7487 7116 2503 7891 6088 6066 8476 1734 7756 3265 5137 1001 1732 9364 3557 5481 6247 7152 1627 7842 1124 5056 122 6859 4906 9760 5536 9266 4260 7073 6996 5558 1407 3756 3854 797 3332 8480 1984 1231 998 2673 5562 5415 3396 892 9751 340 2303 5625 129 3642 4476 2621 9987 2218 840 889 2821 6990 5525 2006 8862 4468 6888 1316 5045 6202 7507 9075 9180 921 5872 5888 2298 3806 6909 448 927 1709 1847 1002 6116 7422 1746 6119 3471 472 8958 8472 5127 6331 4724 1782 4722 6857 923 342 6617 6436 8446 5736 8135
62 2673 8480 8833 7449 69 71 4758 7223 6618 1870 666 3437 8682 2752 3512 1173 2582 7775 8366 5316 3161 6571 3251 9573 5733 7851 6425 651 8313 6292 7095 841 4479 7082 7108 4321 3369 5485 7444 8878 2109 8497 3533 2178 9899 5434 9558 7848 736 819 5519 646 6209 1521 9976 102 4962 100 1959 3151 3544 9461 7103 4468 3668 9288 7211 1611 7254 2337 4648 3952 1001 1399 211 4875 1508 2623 1249 8730 8188 8777 6690 916 7261 1718 741 8563 2731 6955 3911 5754 3586 8861 9073 2036 7951
63 819 5535 9527 3168 1112 5320 1663 7151 4623 5067 7664 3042 1262 9664 4837 3013 1475 2965 1830 6973 3382 3045 1709 5843 1462 4485 5362 9733 1565 5750 4897 2186 9427 7575 4977 7642 3172 7840 5582 1332 7085 1189 6399 912 8661 262 4556 7880 7219 1387 7705 9033 7715 9226 4870 6557 7749 8022 7094 7925 7198 1231 6293 2360 7630 3875 4275 637 5831 3589 5728 2757 6053 8333 359 987 5785 8776 7138 6532 6946 8477 5070 4761 2017 9826 861 4732 9734 7832 1572 8819 1729 9108 9067 4650 3557 6595 9548 998 1996 2720 4690 2637 6261 6289
64 5192 6210 6069 2296 899 5683 6315 9009 8339 4184 8324 4860 6786 6589 6353 3222 3421 522 9769 4087 6015 5876 2963 72 3690 6619 1093 1007 4921 5279 6857 5584 9707 7036 2610 3458 1098 9978 4183 8255 7797 848 5661 1541 8733 3713 307 4930 9874 9330 3687 4553 8806 6785 2665 7941 5195 3232 1460 1524 1702 7992 6309 799 3890 4242 7671 7953 8457 5836 4790 5262 6087 3793 7143 5701 6398 7957 6807 336 310 1876 6375 8076 8482 5388 9420 4397 6197 3619 8059 2460 1085
65 2963 8504 9715 190 110 372 8859 3082 8061 6417 3598 3515 8671 5495 2918 6492 6313 1237 6369 8079 9565 4503 4536 7946 1943 3223 2529 4290 6408 3631 21 7667 4505 5815 1380 3883 4607 2176 6229 7787 4335 2406 5562 8693 7557 7852 4433 1221 5354 5388 9697 9045 9550 4928 3368 4085 8146 3942 6612 523 6376 9130 9570 3856 5650 666 8510 4702 6710 2524 6775 2944 307 8351 7525 4420 9526 684 568 9230 4949 503 9222 5110 4791 8292 7863 335 558 1517 6347 7740 3474 8394 8560 4610 6523 4373 2431 4599 5867 6622 7622 6109
66 6313 9575 6849 9568 5981 6368 6235 750 7994 8037 4751 478 4075 5019 8245 6692 4976 1739 7067 1666 180 575 6051 3268 9760 9469 3795 3010 9742 1525 6149 5104 9371 3148 5375 9521 5402 1015 1738 8176 3859 8827 2686 3947 91 400 9675 2412 1106 869 7458 9930 4043 5973 2534 2871 5792 2824 2633 9534 7704 5574 2693 1641 3688 6832 1828 6531 7737 3041 6008 4193 8092 151 5084 7838 4280 9193 5542 4829 3335 4414 9102 6896 7459 8344 9562 9762 8073 9875 4794 1668 5902 5522 1741 6045 5938 3955 1772 8965 2272 9354 8530 1489 5803
67 4359 5888 8600 1749 2287 1188 6994 3326 5688 4562 6393 9467 5354 9125 9236 2414 9919 8878 6173 8215 8673 4074 5350 9041 1068 461 4453 557 6444 3996 5524 6927 6235 2437 4618 8971 9464 1782 9976 1310 4431 6872 5059 7506 7692 3549 2206 9884 9227 3965 6751 6878 8625 628 8004 5497 7009 6035 4672 9762 4433 9656 1382 8041 1076 3950 6587 6848 5411 8250 1115 1136 6070 5157 4555 1437 8109 6012 3144 1624 768 4800 9177 9931 8426 4928 5912 1236 2025 6749 1291 438 7864
68 4359 2419 5150 6079 8110 1934 1369 6324 2106 3623 7817 354 1715 1135 3646 3155 159 2576 2957 5546 4991 4632 201 8745 8161 179 2670 1404 5459 4831 6266 287 4022 3262 1273 1848 8936 9245 7853 6053 5922 92 4254 5767 7181 6 6376 8033 2477 8288 4827 3881 5948 8452 3032 8501 1002 8714 166 3790 911 4369 4157 4122 3473 1442 4713 868 9440 1526 3010 5800 1975 3907 7557 6138 485 192 829 1427 1653 5465 1112 7761 8723 6328 6414 9912 5559 8927 2837 3490 4742 255 8736 7209 3306 9845
69 379 3323 5520 2661 8048 5434 7579 6809 8405 501 9646 2336 2631 8556 7902 4156 3674 4700 2097 9553 5137 5988 746 2193 5841 2463 264 5981 5824 3778 3606 7324 6151 4895 8928 8684 5624 3185 3925 7384 7549 8917 4465 8154 5682 6407 1927 9951 4104 4707 7338 5157 258 9358 252 8778 7490 9450 5440 2197 9362 8306 7293 9122 5548 3374 463 8691 683 9186 6885 2229 2968 6037 2174 8061 5920 3249 2660 6287 6042 2779 1980 8524 2957 8976 6408 2603 5037 2265 4604 659 1788 5939 4501 992 7717 2518 1681 6732 4072 5475 5924 1997 8451 8849 6305 7699 3205 7634 4112
70 6667 5895 5848 740 3620 6266 8600 9776 8601 3611 6715 7560 1794 6994 198 2254 4031 8164 1674 3964 9291 6204 7547 2986 6024 7546 6966 2759 2525 9703 3684 4244 7445 36 9664 3076 5208 8340 877 7643 6337 5803 3358 5281 6859 7485 8263 4172 6288 2071 358 5931 248 1276 1516 3213 9779 1021 2403 7096 2399 9401 2510 981 9209 6655 2526 7983 7993 9718 7436 7470 7966 4776 232 1699 4767 2745 8840 3110 8378 4858 5800 2712 1706 3675 998 5405 7381 9598 4785 6815 1799 6741 6091 5132 2132 6358 2285 5965
71 2525 6070 9359 770 4146 4249 3005 4039 3925 6600 5627 4343 516 5790 4005 4719 9451 9437 9431 262 2724 9948 167 9776 5992 6314 2419 508 1364 4615 8943 8157 2766 7768 1188 8240 3769 1005 9639 308 7974 4525 9137 4002 6370 1030 648 3173 6347 3754 7393 8834 1730 8828 6694 4113 1006 8049 4964 8384 4208 8807 3561 2297 7225 2038 4465 3106 6858 4852 4562 1765 3261 4712 4153 94 9509 2750 4067 1256 8227 3514 1692 8333 3024 7142 9413 9691 9064 6723 30 5230 1674 6977 3598 9662 7261 8721 8210 3210 8659 4480 4952
72 5038 8667 5039 6447 1134 5327 7872 1088 6766 8703 9269 834 4007 9988 266 4126 7285 9628 3017 3499 6184 4648 3685 5474 5006 9947 3289 6435 7338 3932 7543 8212 1869 5847 7515 5193 9252 8284 1585 4321 2629 1304 7147 3532 7729 2679 476 8628 7360 2952 4985 447 5642 6170 3259 6309 2541 1116 8995 8077 7674 4716 1316 4913 3858 5627 4942 1753 6320 4379 5608 1119 5937 715 4438 6041 5877 7560 6822 7436 8613 9003 7174 9057 2996 492 9745 7594 1560 4255 4104 6394 4934 7870 5950 1700 2126 4263 42
73 3499 5945 2649 4816 8961 8042 9837 1519 1690 8073 6333 568 4423 907 7687 6394 1590 9328 9976 2773 6460 4665 158 230 1016 6825 6493 4144 4954 9038 5829 3247 4534 6816 9378 3059 3356 6910 608 8368 5235 7741 5420 4549 3074 9657 5611 9659 409 6973 3954 438 8064 932 718 5933 3519 164 6998 566 3078 4227 5468 6103 6486 6208 4606 9070 2620 4085 3689 4925 1323 4039 4013 2610 7454 5595 690 750 5176 5533 2067 1914 6521 8306 1061 9077 1350 4105 241 914 6536 9145 1624 1740 6654 2267 7813 5435 8852 3585 9922
74 2773 9832 8033 9584 8042 6045 4097 2714 790 6877 5784 8620 2688 5121 9508 17 1970 5467 6380 1484 2015 7202 9646 1537 3800 2352 5363 3681 8521 9455 8641 43 4682 9851 3606 9564 7263 5684 7611 9600 5949 4534 6642 2584 1326 2784 8531 2220 7620 1406 9789 2068 8772 1629 1617 3494 4257 800 9955 4014 4748 2080 9848 9420 5407 9241 5651 3745 2100 6831 4140 2195 1721 917 8706 650 8123 1836 1227 1265 3049 2233 5427 7494 6435 6546 5168 561 2824 6620 2088 7211 1487 6736 4393 6365
75 5684 8422 7038 1673 637 318 769 3481 3996 9916 4523 9694 9950 9392 4709 5773 3823 8652 3845 3977 5865 4403 7566 6067 5520 3796 6911 4802 209 8817 3505 4498 9655 8174 7768 2768 6147 4073 459 5477 7611 3867 8376 9552 357 3676 3833 9583 9906 8377 325 7771 9531 2913 1139 9667 7833 9409 1340 3227 121 8546 4711 9391 3323 9826 6965 608 604 540 9886 2776 8650 4083 3980 9765 3556 5890 3162 981 1052 3468 3217 9146 2007 1641 681 2021 5301 4195 2632 4728 5748 1223 9595 3946 5882 8560
76 6158 3764 835 6335 611 1464 9855 7516 7773 6398 415 5236 4487 1648 5688 282 2721 9136 5141 5809 3965 3451 883 8330 7253 9509 2997 3708 8027 372 8118 1152 7277 5959 3406 6818 4723 4486 4653 1271 7857 5749 1985 371 7172 5905 5423 4912 663 8396 3444 910 1437 7256 9250 2330 7111 4994 4988 6222 6763 9316 1819 2336 5580 2287 3670 9553 9752 3637 8211 6270 2204 2245 9871 8249 9075 1586 1 9669 9369 7847 8704 81 5266 2297
77 9047 1635 5285 7894 4159 5411 2382 9141 2827 5821 9039 8797 6165 1154 7609 6387 4471 8229 3782 8400 5071 2019 1539 3605 9322 1005 3839 8759 5708 3814 5655 2588 3599 4881 9821 710 6920 5953 6288 5432 9841 5659 4321 9217 4827 426 9567 7898 357 1722 7678 4581 3038 593 5750 4913 7401 4606 8361 9317 7857 9779 7457 9364 4254 2047 4229 4576 6013 8406 8358 6777 7174 9590 7264 5494 2104 6882 6327 5629 4948 2355 560 2244 300 5333 28 5135 1909 2307 4692 3671 7382 9208 1391 2949 3 9096 3228
78 1436 7591 4556 1021 5383 730 8409 4712 4792 4649 8954 9400 935 9058 4041 6848 8090 1591 7200 5483 3069 2192 3513 2245 9047 7602 3250 8871 4077 6388 1461 6936 4435 6692 1479 6535 65 7189 1378 3461 3206 1796 6808 1845 1663 3689 520 9997 2554 1421 4453 7452 6683 3408 7874 4196 8837 58 4808 3872 6376 3763 9342 5389 789 2111 5299 4294 8387 9116 8572 3941 3355 6891 9870 5692 2752 7962 7888 343 6033 7414 5846 8004 2862 2972 4725 2477 992 321 3052 323 9169 101 272 6746 2615 1844 3642 5568 8990 6712 2953 9392
79 5427 7315 1174 837 3745 192 3731 5713 8293 5708 6827 3691 6775 344 4641 6458 328 7164 1781 5358 1062 8627 4832 8133 3723 3474 8474 1286 2182 1288 5339 9664 7999 3600 6493 7023 9726 2100 7226 5817 6554 9950 6194 6850 8101 4833 2535 6923 5205 1786 579 3200 8085 1703 2678 8081 1465 9512 3185 7381 206 7912 5479 6187 2881 4824 4491 2702 9859 3615 1642 4306 25 2059 2826 3173 6932 2889 3684 4997 3849 8319 6845 439 7327 4806 5367 3267 8461 8908 9297 5875 6098 6164 2898 335
80 3479 3629 7014 4657 7562 1889 673 6574 8823 1469 611 9002 9428 1785 8158 9235 3105 2569 4953 1171 2197 2662 1280 764 4171 1126 1550 4787 4886 3779 7270 5783 2220 550 4025 4870 4291 2043 5154 1578 9841 67 8912 3642 3857 5871 489 7461 6242 5021 8940 2150 6481 4485 3359 6002 2137 5592 8107 5424 8850 9948 1232 8249 7031 3884 7328 4051 9293 3424 1144 8368 8192 8496 3136 2419 6918 6742 2741 1367 865 3788 8875 4147 4780 8924 7575 7367 1351
81 5854 8663 7349 5356 9646 497 2945 8363 4633 3934 5413 1215 9499 3883 8443 2839 6941 1402 2497 4682 3148 273 7233 7274 6688 8022 6153 33 4748 5072 6117 5531 1955 3906 7495 7426 364 6274 9221 9567 9893 6210 810 7795 1680 4432 3390 9826 5607 6389 6758 4419 526 719 1968 6315 4574 5592 1726 2177 5015 8208 6789 1828 5270 9490 4226 2412 884 2898 4873 6857 2289 4903 9559 8353 7051 3071 5398 9899 1963 7903 637 6601 8158 3229 957 9287 9283 5993 6198 3826 5166 5160 3095 8406 3319 9576 9052 6599 4553 6922 193 9004 999
82 6857 8760 285 7142 2053 8940 8816 9047 1764 3122 2324 9063 478 1729 6037 5598 5554 7474 139 8859 5500 8615 3777 3924 6379 8515 439 6671 5477 5167 7200 5077 2325 3666 6006 1080 7112 782 5801 4538 7702 6808 6691 1478 6241 926 9403 7827 2520 2255 9881 7616 3001 2634 2106 7370 2569 8535 2021 5615 2719 335 5117 5066 3079 4460 710 5509 1239 3580 6605 2475 3718 2996 7733 9832 3119 7686 6397 9069 4810 4444 6210 9735 3283 849 4642 9960 3990 3739 2688 4756 830 9841 6773 5965
83 4936 7204 1454 7833 7114 9880 6455 4659 4378 7755 2766 3019 9544 1455 1849 8665 2344 4433 7189 9454 4953 370 6007 8020 4673 1358 7219 5063 3383 1936 2686 385 331 3992 3546 6417 3696 6357 6226 4147 3408 7214 5723 6257 409 5179 2604 3797 9561 3268 749 4113 9786 2894 929 1598 4542 9042 402 3842 2244 1294 13 5673 7123 9548 3674 3637 2900 1111 4535 6628 8739 8227 8876 1004 7517 7082 8108 763 7343 4733 643 6862 6986 693 7520 6412 5643 334 1903 3348 3495 3623 7943 2470 2460 7447 8571 8076 460 6440 6026 1770
84 2344 9979 5163 8871 9875 2779 7856 8852 6477 999 4130 6752 9802 7700 9475 9097 3347 3853 1833 9369 9486 2505 6402 5969 9562 1285 9141 3213 2516 2191 9777 9845 2878 4393 626 233 1116 5386 8331 5242 1956 628 4567 1929 4667 9108 5530 424 4786 183 1721 253 6441 9018 7511 7609 8152 7356 8860 5402 9423 9837 1743 3695 8502 8656 4723 9046 9855 6816 5081 6548 1083 1147 7846 5497 2151 7054 7428 6801 3063 3627 614 6896 5734 236 970 3588 8847 5813 927 6023 1033 7038 7134 8083 6533 1219 6407 7686
85 3669 6203 9699 6349 4041 2620 1363 7126 9708 9097 3763 9364 6753 8283 7297 5124 1095 735 2682 2035 5715 2945 4860 9792 9140 7241 7368 4380 296 4382 9665 1620 786 1380 355 9604 6788 350 9264 6264 8077 7475 4403 3693 6341 5040 9772 1901 8941 3677 7725 8439 43 1417 7140 2879 1124 5286 6220 8721 2869 9795 2345 3426 546 2007 4637 1413 1188 5223 9137 7623 1109 4796 3163 9436 3907 4333 9289 8703 5568 2886 4023 2774 7104 88 8186 2654 1343 1019 7669 5576 8421 188
86 7105 7273 7311 913 1127 6456 5742 9689 3908 3180 5953 7148 9425 77 2993 5686 3520 331 884 9412 4398 203 6317 1618 8829 3525 2702 9891 8063 5895 5955 3154 3323 1371 5983 6314 9575 2907 7075 1443 7633 8222 7449 7201 9790 1103 6320 6848 909 992 8865 6328 6926 7904 9687 996 7617 171 1484 6396 1723 7202 149 4794 5396 803 2357 9264 8414 2184 2797 781 9138 6137 887 7665 3955 8629 2625 3062 8569 7840 1925 6624 147 210 6666 4678 8576 154 2236 1238 2527 1670 3348 9607 2934
87 149 9487 9535 5157 8320 4829 138 4311 8908 8048 7952 7985 9587 3782 671 5496 6335 583 1578 9182 733 8162 5874 4330 2422 3788 9321 4431 597 3452 2593 1815 6299 207 9753 5382 9636 2613 1606 398 6436 8985 6926 2438 4427 6152 5917 7619 5319 9553 7705 2099 8853 7976 9665 8119 9083 94 8459 5912 3297 5 2884 5251 1169 9670 9924 2191 3970 5652 98 864 3516 812 9129 3062 474 9002 744 2027 7233 2924 6601 2960 4469 5737 5482 9356 3275 1667 8673 4009 2511 8887 145 7993 9460 2000 7679
88 1056 1176 5977 4638 9428 6055 9023 7679 8714 2413 250 3310 9172 8532 7054 1337 8103 4979 4358 7657 289 7725 574 6871 4901 8027 5995 1437 7532 2673 7809 766 2808 5055 7060 4424 1476 6836 418 4368 3776 1260 2340 973 674 3410 8760 3637 4234 2682 8823 548 9161 8620 6459 3182 7997 8426 4283 2839 9111 1026 2376 1070 1325 4824 3218 3429 8787 5379 3873 4574 1261 4834 6379 512 217 7867 2491 8743 4349 1594 9361 5038 7508 8059 9661 2849 7107 4194 4953 2987 7039 4445 5252 4755 5043 5681 9343 4323 7396 477 5269
89 8714 2037 4728 4380 9958 4578 5148 2300 7300 3746 4196 1884 6646 6944 3170 1168 9913 5027 5 2973 8584 2806 9372 5010 6546 3970 3505 1580 3828 6440 1672 7410 1999 8188 9285 9068 6761 2350 9712 3727 2912 3682 2905 26 4210 342 7026 4787 7436 2418 8060 6843 6749 4267 4144 9208 4533 8495 4996 2541 3467 9460 7009 2753 4974 4397 4861 2563 6362 1133 9632 1488 8432 4080 8847 9340 3123 8546 8106 147 3823 4218 3924 6458 8422 7217 309 6415 331 7583 1972 4379 3321 5642 3139 56 7204 2774 2810 4114 9335 2079 3697 8309 397
90 4218 493 5152 5554 9771 7398 6575 6232 934 951 1879 3940 5219 7854 4481 5927 4700 8408 8129 5776 9962 4301 8220 8077 4302 2807 2889 3681 6174 1886 6387 293 7059 3068 7283 4840 9128 1523 5654 2763 2609 774 2731 6705 5231 3693 2016 5773 5785 9672 2444 2433 159 6348 745 5447 7165 7629 8929 3818 3315 814 5840 5763 3497 3707 4948 1191 5414 6127 8200 5139 2808 5661 4533 1123 43 2517 269 5904 7807 8788 7563 504 3532 5076 5491 6168 8666 3832 7656 6731 6360 193 4503 4095 5099
91 9999 2705 5546 9865 2609 8866 2841 4668 8867 7425 4056 6991 8606 3322 5543 868 5004 1787 3782 2983 884 117 5600 1400 1216 3479 1617 3175 7472 7756 7155 7858 5643 3491 716 7209 962 5680 2867 5610 3344 7485 5959 8558 8196 9289 2863 8917 8399 2660 4029 5654 3649 6983 1249 4848 8009 8217 8067 2946 712 6612 1773 2147 1950 3125 3144 1507 7431 2653 9581 1812 6063 1816 7961 1896 8223 9102 7894 3940 6551 2941 4718 3440 3899 9232 1632 1235 9993 749 4422 8880 1827 2900 9829 8308 9691 9854 6941 9945 6828 9087 9974 6614 3620 5960 4274 5325 8774 9723
92 3175 4881 4853 1025 3227 2548 9606 7927 4033 3874 5498 3299 693 2622 943 5209 7462 6827 5251 8575 5315 8529 5524 6432 3054 384 6835 1578 3139 3097 1212 3929 2094 7636 9665 716 8515 3341 5879 7870 3147 2346 4198 5014 2000 1431 1734 9833 3186 8270 8652 9092 5 3580 7791 6252 1394 7099 4496 9773 6454 2869 2705 2073 2900 749 8093 7351 4311 9149 4691 5136 1200 1859 4973 765 5058 3002 5427 9348 6066 4890 7338 939 2510 2283 4774 8202 8666 9767 5133 5563 2289 8589 4497 7487 9796 7758 8292 5479 1735 6748 9551 4625
93 5014 429 1 4245 99 6427 8775 277 9344 9229 5930 1791 3434 7834 3282 4338 860 1810 4092 3219 7871 1017 575 3312 1286 3534 3821 2768 6887 3733 7249 8255 3356 4114 3524 4370 1156 4389 1198 6860 9686 7149 3783 5411 6602 4358 6140 7629 9485 8099 231 8652 5790 9077 6753 8995 9275 9760 4762 64 1025 4961 697 584 4100 5201 9598 6898 324 4802 7554 6839 5537 2583 7726 8915 6141 4143 8299 2918 2478 6586 5812 974 9292 7204 823 2377 66 4424 5197 5869 6289
94 340 8610 7036 4872 6611 8646 6604 5881 3745 8524 7468 953 1243 3705 9334 6103 9111 6460 8324 1810 7988 1070 8399 4451 5624 6248 4352 551 2155 2930 157 8794 4953 7230 2483 9762 4431 7133 9617 5181 9331 9103 1381 5900 9974 4323 4054 8165 4995 1932 5329 4756 9318 3391 2929 7192 26 6868 2203 43 4258 4340 4472 1613 7231 9168 2244 9041 4111 3362 574 8887 9133 7257 7170 9449 9250 3965 2218 3879 5354 7531 3867 154 5778 7208 4853 8860 522 3507 8478 9677 552 8872
95 4532 2563 7690 5597 8053 9362 3666 4672 3881 7550 7476 7555 2656 6930 887 5761 6812 5463 6277 9890 8609 4428 1356 7823 5930 712 7361 1186 294 4928 7827 7282 3779 9935 1256 470 5167 8763 2219 7879 7779 4033 8695 2743 4069 3541 7394 890 9496 695 4255 460 9464 1711 2153 8126 1794 6461 9667 3794 7792 4447 8459 1157 7936 5570 6947 5220 7150 8639 551 6393 711 6554 5596 6001 5598 5476 1780 1918 6975 3200 7683 6190 8028 1017 6571 3980 2151 7222 3642 394 5806 3785 4926 825 9953 8384
96 45 8661 7795 2900 5647 5141 5665 7198 9905 1941 2852 8949 7246 3265 9227 8811 8916 5213 3459 684 5514 2386 9381 563 5536 5627 5772 7029 8007 5261 5172 9885 5561 9629 803 5212 3902 1016 2052 5932 3346 2924 4694 4304 5069 5600 7240 291 8104 6963 2327 4691 9059 151 2581 6920 6177 6408 4968 8844 6004 3098 561 4037 1748 8128 2561 2688 3405 3504 7204 566 7684 6328 4205 4710 6362 6903 1303 5861 7160 1041 6443 5011 5075 4120 8431 7753 703 1617 5028 3514 5 9574 4511
97 9227 7198 4166 4110 4321 9404 2281 1047 4804 4154 1096 5960 814 7362 3320 9850 3266 7895 5437 4063 1131 8 828 1184 5704 6771 4324 9498 4642 7242 5017 8310 5071 6020 1499 6677 6667 6506 2984 4480 8394 3138 5135 4019 2025 7148 5342 5767 9870 2430 3701 6564 7191 1425 7168 9494 3205 9990 1702 1914 3226 5205 7998 6387 9093 5310 4167 913 5061 5972 9647 5962 5545 7230 6572 9033 3779 1025 8067 8467 8265 2298 5868 2137 2040 5524 951 870 1902 2747 8648 2772 7595 1918 5109 9388 6393
98 5419 8164 6349 9660 7671 7892 217 7665 3019 809 2672 7488 4820 3192 482 7310 1394 1559 4139 6960 3655 533 2663 3270 812 4845 6112 9948 1061 8439 5957 2240 387 3758 6111 6844 3662 4816 9842 6658 7175 4310 617 3372 7369 4260 3711 6064 9012 8334 3208 6037 3248 79 7779 4019 8233 7168 4798 994 782 6462 2814 5715 5401 8490 4887 215 9174 1917 745 9427 6794 515 2688 4715 560 1146 5397 5649 1819 9658 1803 8456 9424 9966 8996 9708 279 2659 7428 8160 7728 8217 6471
99 256 7417 304 3662 9231 430 288 3767 7158 542 6848 1716 6054 8019 5341 9782 7641 2617 5323 7358 4994 6443 1435 7804 7339 6528 9630 9889 8547 8442 8928 3743 1574 3499 1446 9449 4668 4181 3096 5522 6359 7899 6911 8647 7516 9795 3433 9978 4799 8634 8607 2708 3621 8818 8515 3805 7942 676 230 3802 9740 8324 7347 6638 8366 3044 3989 4385 7626 8778 7233 7570 135 2813 1485 9544 5241 951 4562 1860 7536 8495 8218 1218 761 6914 8090 2544 2927 1067 1500 2302 3982 8732 5447 9933 9498 73 9562 7221 3919 7503 2698