500
0 4291 7811 3530 655 3616 7459 7541 9206 9800 4028 6452 3010 3101 1638 5862 1496 7652
1 4167 7417 7176 7128 8569 6974 9063 8834 7963 1042 9842
2 2996 2918 1377 6883 9229 5336 633 6624 4512 9989 2643
3 7884 5630 809 9605 9382 973 9998 7246 4858 20 5870 2784 2437
4 1342 7119 5480 1111 7826 1890 9648 9701 6069 2866 697 1305 6584
5 5062 3391 6265 3114 728 8754 2293 2185 7376 6483 492 1498 7652
6 3014 5568 5395 9732 899 4380 6654 6038 6967 6101 2962
7 6110 3613 8734 6036 2463 5059 8625 6583 2204 3675 5655 3936 321
8 7220 5135 7344 7613 4764 4736 1937 5040 6169 2729 863 2175 5340
9 8758 4558 7400 3194 6917 1734 6637 475 6290 4591 3693 8111 7562 7740 76 2966 7762 3371
10 3787 259 2956 5023 4490 1450 4183 7289 3672 3714 6694 7121 4087 2856 3074
11 610 3909 8128 6499 3879 3420 4578 392 5181 9779 7200 3528 7049 4199 7652
12 6005 8623 3814 8051 907 8636 8792 4321 6996 6464 6416 5623 4341 2962
13 43 6500 1793 1527 6205 6571 580 312 7834 8605 9245 8832 5848 5715
14 47 5896 1323 6794 3460 3110 7540 585 2929 5692 5173 1248 2349 6458 4176
15 3598 8548 9514 3527 3391 4496 1098 4902 2109 3823 921 7026 3982 8812 1668 5507
16 1792 1127 9782 7451 6691 8464 3208 1769 7000 5678 8671 3074
17 9590 5068 5278 1520 8958 2471 7030 1854 6541 7632 6186 9480 4399 2904 79
18 5018 8356 3613 9437 7632 7021 6297 9989 6334
19 518 6514 5416 7322 8703 7320 5083 9574 4076 9976 3261 1601 7787 6258 2962 8716 5340
20 4480 9702 8379 3740 9172 5928 2776 8839 9721 9015 9587 4379 8210
21 1770 2436 4042 8051 2431 3626 8511 3279 398 4107 1396 6385 6030 9139 7880 7699
22 8768 5681 2515 2789 7697 7550 3805 3466 8168 1610 2538 1956
23 7776 4704 2508 3909 8556 2127 1050 1198 531 3526 5836 796 9283 5962
24 4683 5381 60 2964 9634 2547 8024 6341 6401 5254 7296 9244
25 4396 4161 631 9424 8412 4529 1034 2006 2302 5814 1145 8387
26 8374 1357 6697 9176 3307 4026 4126 1271 2318 764 7856 4913 652 7949
27 4175 2618 1253 7099 5165 6420 2406 3397 3852 9422 8698 2544 7459 4108 1668
28 7750 2895 1544 4238 7061 1009 7068 7567 8858 7528 3092 8178 5406 1550 2583 5386 2643
29 1876 8052 3849 7727 8552 5597 5919 4832 7433 9188 4092 603 30 6258 79 321
30 2664 8914 5309 9787 4284 4863 5023 4712 8619 4898 1838 3203 1083 5340 5962 2
31 8816 1163 3688 8523 1169 2811 3539 3900 7339 5206 9840 8086 3219 7880
32 9571 6819 1461 1869 7708 8181 8904 7504 9195 2200 8115 5028 1181 2340 8406
33 7185 6421 4641 8024 8367 4802 9874 3863 2057 3882 6043 9617 8079 8670 4027 2555
34 8449 4447 8234 9353 6116 9447 9106 7382 2112 508 9719 3905 4901
35 5743 9984 6468 489 8163 1095 3277 7803 9791 743 1879 4260 1042 2962 7652
36 4381 1595 32 8366 8540 3014 6936 1363 5036 9964 6029 8848 4314
37 1399 3443 661 3846 4565 5162 4665 3310 5930 7579 3602 5748
38 7031 4126 3181 587 1561 8680 4473 6893 7004 3203 5451 6101 9007
39 1381 7286 9929 7783 8682 1863 4276 5026 5277 8829 7162 9007 2240
40 6711 8990 3024 4910 1198 8003 570 1186 579 3832 5132 6236 9518 7133
41 4337 4179 692 7156 8521 7022 8541 7380 6722 829 1661 3186 4855
42 3621 159 6316 762 7399 6310 4319 3882 8320 9336 5246 5098 3319 935
43 153 236 7145 5943 6865 6019 8538 1818 5275 7852 5341 6258 8043
44 6058 1010 3643 9493 3469 1146 8247 2771 2195 3277 5366 6351 2867 79
45 6253 1695 6549 9313 5483 7171 6931 7947 1144 1500 7006 8476 5948 4282 1661 374 2340 8125
46 909 8815 1174 4755 6326 8205 5290 5017 3809 7046 3070 5826 3432
47 4594 6821 8643 4419 2144 7373 2242 703 4788 5181 8710 5920 6099 3377
48 7464 9841 627 9393 2551 3044 6145 4703 1087 5234 5547 5645 2264 2155
49 9627 2402 6749 6498 4484 7351 1672 7614 9383 8732 7788 8257 6608 4985 1668
50 5047 1709 8721 9807 9961 6259 6820 5625 358 8006 177
51 1038 7011 765 1689 3951 7076 7165 5969 5048 541 5748
52 2348 9932 1471 4983 3497 6180 7213 5431 3052 2473 6902 1260 8114 5564 1741 8832 9968
53 6106 6105 8835 2590 8629 4617 1522 7034 3204 8908 5318 8188 6296 6613 6938
54 9529 482 2468 9721 3355 5977 3295 2551 2009 1901 7607 1647 5677 2555
55 4650 9258 1727 8086 1795 5337 2557 8287 5796 4035
56 3542 555 9175 7865 5556 7461 2541 9602 7373 1267 7775 2486 2685 4341 2962
57 2509 8459 4644 4218 209 9725 3626 815 5401 5326 9199 5412 4362 8431 925 8994 3894
58 1312 6703 1161 2351 8446 8340 6563 6669 3714 6786 3758 6021 935
59 7384 1636 8665 6162 1828 1208 306 6461 4745 252 3249 511 652 5341 9545
60 1565 5527 8813 506 7074 5489 2145 3145 6224 6537
61 3550 5191 5187 8885 1995 529 1951 667 1432 8508 557 9968 7652 2288
62 2287 3995 2365 8309 7731 3565 8575 6333 8163 8687 1299 427 2240
63 7837 8032 5916 9847 915 7075 7388 3314 5729 8198 1149 4199 79
64 1425 8499 4184 5274 4410 8638 5011 2522 3206 6812 9178 5715
65 8675 3825 2835 6531 1475 7946 5717 8911 7335 1248 7688 3509 6671 8293 9007 6613
66 2173 6804 6260 9763 2229 8170 406 1548 372 7700 7454 8660 6343 8134 9244 5748
67 5570 2553 4906 9734 1444 6414 4917 5151 5347 9400 1491 3841 6113 2318 4199 7883
68 8020 2602 69 9745 4374 5516 4571 3267 5244 4106 9720 7949
69 1182 9272 9622 8288 4609 533 4802 9056 6248 102 575 476 2962
70 2213 4000 3200 6729 6330 1202 9365 2665 2565 3936 7438
71 693 5256 8347 3484 5249 2640 6185 503 9780 9842
72 3990 6718 9817 9863 3777 4938 8326 3908 5472 1705
73 8483 2118 580 1158 5262 2450 9208 5432 3953 1396 4457 7732 427
74 3611 2746 4989 2834 1007 8071 5843 7232 5861 819 2170 4804 9615 6030 2240
75 9328 7572 8577 6808 667 1413 7905 4132 2105 7769 1743 478 2322
76 3925 7175 9333 9651 2100 7734 4853 4207 2784 6963 1124 7088
77 9582 1890 245 78 2471 2290 4013 1971 5925 423 7151 504 3376 6672
78 8035 6110 2363 822 4555 3504 1322 4736 6446 9940 1625 3012
79 6858 1362 9707 6271 8834 3067 120 3892 6214 7842 8618 8014 5458 79
80 9303 6371 3169 8939 2120 7556 7945 3110 7865 9664 5615
81 9722 8263 1483 3917 1468 8032 6648 6540 5816 3254 8618 7751 2240
82 5195 4487 7197 4792 5508 8159 2048 4233 232 300 6030 259 8994
83 6206 4005 5051 9762 1409 3406 1926 557 4385 7652
84 7708 5757 2862 2819 4516 7114 7830 2233 3233 1121 2121 321
85 5686 9765 6274 6933 63 3161 8395 9635 3147 5562 2652 583 8134
86 2799 5798 4088 3165 8276 5590 8959 4552 6078 1536 1095 9139 7153 2240
87 9307 261 1021 4193 2597 9804 3857 4727 1972 15 4257 4068 1534
88 524 8353 4505 1683 428 5556 4959 5044 7087 8021 4846 906 2486 5862 6699 2555
89 3033 9962 3578 6431 6720 6163 8128 5968 4703 1401 1164 5458 9968
90 6476 2429 2236 6833 8067 5367 1806 4205 3281 7980 8217 6139 3636 6859 1141 8797 5748
91 2772 1794 7582 5126 7507 9124 5123 793 3876 4277 4025 4983 5218 8713 5307 2121
92 5683 8378 8517 3605 3060 5793 593 4119 607 6675 9023 2327 2240
93 7440 3824 964 5404 3430 8497 5875 5389 8075 6022 7110 7199 4909
94 3035 8384 2233 2182 4381 2967 9128 924 9344 4178 3054 7883 5458 1110 9545 2128 4855 1668 3012
95 3027 309 7274 3660 8045 4845 1398 9432 4815 2299 1799 8722 6547
96 4896 964 6118 2609 7702 434 1612 8673 7254 1467 1641 2731 7861 3111 3877
97 1096 9756 5940 9096 3838 5770 6126 9236 9216 9375 6178 569 259 2962
98 5102 8792 1592 7530 6311 9989 2144 9803 8316 9195 6588 2058 8814 511 46 6424 9931
99 4854 986 1651 7840 7408 4219 186 2669 9690 7709
100 3410 3451 6826 9566 6742 9066 4592 4315 7351 1546 6744 4985
101 87 442 6501 2593 9060 3954 8570 3743 4480 6528
102 3390 6506 4395 8744 7551 5261 7107 1231 1852 3877
103 7188 613 7488 5586 6290 9657 2616 4112 4736 5922 3949 2014 3453 6424
104 4761 4882 6065 4087 751 3467 2852 5818 1617 4454 3670 1058 5715
105 6136 9500 1278 9682 9517 1135 941 1528 2770 9681 3875 5149 1238 1979
106 8447 2657 3189 2062 2381 9802 795 2210 8684 881 1543 7178 3885
107 740 558 4754 5650 6191 7020 3980 6204 7205 279 7736 3032 3012
108 7727 1106 6501 8405 8308 1283 3842 4742 6013 393 1583 1797 2329 6861 2923 8716 3032
109 821 8042 3920 8554 3574 2860 3251 9400 1373 5646 2712 3703 7575 5715 935 79
110 7804 4481 9203 7447 3120 8824 6851 5726 7470 9062 6777 3174 6040 2407 1429
111 2465 1455 3437 2525 2031 8264 9 4157 9859 6264 993 5788 9930 5412
112 9166 2996 354 166 4102 991 9608 9895 2398 6667 3867 9139 5788 25 4151 2698 2409 4985 79
113 5444 3572 3288 2864 1448 3799 603 5403 3082 5915 1942 6326 7289 8644
114 350 1298 9218 4434 6053 906 9919 8620 9370 5023 9791 7709
115 2822 9675 1306 1186 5779 534 7394 9871 1494 8516 7789 4320 8832 4624
116 1914 9784 3407 111 6988 3330 2787 9557 2334 6438 1296 7151 6161
117 4015 3189 3474 7600 7334 613 6872 3847 5689 3108 5539 6833 183 7413 935
118 7734 2802 3277 2957 7774 1637 812 5212 5801 5652 5234 5260 5359 9129 9007 5715
119 7719 8966 80 3346 7551 3817 7940 1705 2660 7691 1330 3895 1515 7634 912 2630 8491 1668
120 7547 2552 1288 8199 3555 9248 4153 4369 2947 8704 2483 3944 2240
121 718 0 1307 276 5375 8044 4256 6639 3957 9277 4666 9783 2817 1871 935
122 8402 8083 7881 1468 3482 9319 5180 7369 2222 5147 7956 1213 2699 2422
123 2821 8165 6242 4738 7850 8752 8270 7583 7071 4807 2064 321
124 5245 6693 5522 4213 266 9156 2785 7947 759 3039 5029 1391 6621 6986
125 229 6539 7622 5628 157 2406 2058 8780 7534 1280 3820 8244 3391 3236 79
126 7656 6542 3206 392 7921 3897 7672 7673 8251 1738 6229 2383 450 5848 2643
127 1809 5247 5319 5263 5147 4338 380 2849 2990 6902 7856 6613
128 1269 9874 9923 8190 4506 6747 3891 2251 9201 7023 1287 4679 1668
129 9059 6782 3252 3270 3306 8863 5676 1185 7431 9527 6990 61 8651 7997
130 2284 8817 3333 8287 5125 9577 5040 491 2782 676 6082 2555
131 3200 4955 3605 9536 8913 7109 1940 2870 6170 7167 7379 8130 3894
132 472 3927 4258 7547 4266 3394 4244 6273 133 5284 1067 9129 5458 427
133 6139 2895 3224 7888 5665 9030 4889 4150 9757 8736 8093 1608 9119 7 8183 9990 7575 238 8994 2
134 9576 9710 6212 9141 9797 521 5134 5794 7292 9815 413 2884 1075 3955 8136 7713 7429 9842
135 3306 897 8165 9217 8519 6763 4308 4262 6594 3675 2760 8387 5507 7153 745
136 5315 3327 9691 6371 9248 1767 5173 3968 1040 272 4628 2
137 7870 7559 8807 4739 8213 7816 7196 663 4938 919 8462 1248 8293 6613 7413 3894 2
138 5130 7882 7718 4968 4103 5176 5441 377 8856 249 7919 1121
139 3549 6212 2714 8250 5909 524 7522 1011 2434 8613 2599 9004 1979
140 5851 1480 4017 2636 6388 9917 9429 3042 7177 2160 2001 5163 1560 1534
141 4150 4015 6937 1727 9084 1781 8914 7261 1803 1169 5509 6224 9265 6134 979
142 8174 1633 1770 5595 2786 2301 9837 997 977 7130 1924 5993 8389 34 6074 5788 5219
143 2492 6457 4417 8272 1084 8567 7129 8105 2121
144 4525 5362 2991 6261 1842 1893 1682 1403 5010 4077 8119 8932 6978 3543 6938
145 4333 6382 5028 9823 3287 5693 1159 4848 5363 7604 7733 9007 5507
146 8635 8166 7295 8548 1556 4098 1041 1541 5927 8245 1557 2962
147 8083 345 8366 7346 1087 7359 6210 4903 4313 9946 9089 8183 7709 3074
148 9828 4632 4441 6812 2112 3574 7246 964 132 2087 1063 6160 4760 2480 9224 2
149 6686 2951 1802 731 370 3805 3308 2049 6703 7975 4179 2346 476 2414 7736 5507 6938 8994
150 1759 1170 7061 2775 4841 2548 8093 7506 7695 7517 7699
151 4166 191 6863 4347 6699 8077 1893 4559 9719 7136 2077 3038 9247 4193 9004 4527 5412
152 4583 73 4976 2586 6612 9247 422 2107 1569 8866 5884 6454 6547 5412
153 4559 4981 9585 2104 1980 7718 3238 2458 833 7062 5467 499
154 5850 8896 7582 5734 5701 5487 8137 1032 9722 3239 5151 3827 9139 2155
155 6963 3526 9601 4739 9388 2913 627 9717 631 4662 7513 6798 9607 321
156 6253 8554 1430 982 532 6557 7838 5443 7523 1498 7012 1668 6613 79
157 6459 3900 694 7245 125 2089 5913 3591 943 9493 7641 4728
158 1312 134 6394 6867 5371 370 5160 1029 2937 8644 3012
159 106 3628 2640 5048 4713 5310 2057 8119 590 6371 3853 9852 7864 3836
160 8285 3600 1863 567 5049 9830 6068 1324 8809 5088 3830 3012 935
161 3917 8179 6411 7714 7270 4631 207 4026 4695 8951 3932 9545 7699 2986 7240
162 9999 5048 3556 4073 1754 8940 314 6218 7306 9405 538 7133
163 7723 2548 5693 2586 9851 5100 9841 2900 2636 7929 2340 7949 9007
164 5617 5893 2814 310 2859 1838 4077 9481 3189 9330 333 6391 9283 5748
165 7447 47 9997 9707 15 4709 9322 6675 6949 1680 1024 5655 9162 72 8055 9806 9075 2240
166 7406 1986 4766 5631 8039 4248 8455 6991 7727 8895 4431 6482 7413
167 4164 781 7928 3698 9236 9665 2194 6594 6887 4997 6476 719 3103 9533
168 7495 1987 29 5565 2247 8492 3280 9736 1314 2436 2383 6043 9991 3783 2986
169 8501 3255 3281 5575 2010 546 4387 3352 5722 6633 2236 1242 1774
170 2156 2356 7819 1236 3211 9437 9066 8322 1241 4710 4415 3665 3032
171 3362 5662 4696 4677 9926 222 6498 2258 4963 5950 175 9313 979 6672 7153
172 8906 91 8785 5444 1558 8220 1572 6379 735 5134 6226 447 321
173 2266 7823 8900 263 9718 4486 8228 7233 9595 558 5311 1734 5677 3543 2962 2240
174 3180 224 7760 9962 8496 153 740 6134
175 4825 2280 4590 8395 8241 4779 5986 1743 5172 1476 9244
176 8244 7352 5837 9242 3898 9452 2872 9194 960 7026 6482 7709 9842 7699
177 6599 208 8407 3721 3320 5230 9828 3602 6216 8671 3895 6607 3355 7023 6899 9118 417 9970 3543 7517 3830
178 8215 3031 5535 6043 6319 5839 5529 811 6555 7178 7456 8396 8125
179 4411 4078 8757 9638 932 5682 2572 2019 2650 5997 5131 798 9358 6451 7575 9199 6986 9197 7699
180 5024 8088 4401 8602 9103 2233 5814 9619 4500 7419 3380 4313 9609 7012 2555 7949
181 4474 1888 4065 6086 4295 1050 5856 1789 7273 4554 6508 6978 6030 2555
182 9125 2718 5144 9808 3199 224 9988 9423 8930 4391 7325 3256 6698
183 7989 980 2369 5323 6574 3596 5257 2385 4686 6014 6168 3986 8566 2608 9943 2741 4765 9533
184 2549 8766 6134 5779 5176 3540 4805 8350 5634 2425 2437 3385 7754 4567 3894 6675 4314 1299 1984 7732 1668 4199
185 3129 3849 7385 5934 1022 3968 1249 6803 3966 399 3012 1668
186 4094 1435 8555 4010 4623 532 3084 3182 2609 3545 7219
187 9222 497 1698 2502 4774 6724 6941 2041 6939 5709 7136 7252 427 7153
188 8398 2678 3622 7650 9344 2440 225 9844 7600 7215 3728 9270 427
189 1967 8031 5041 6662 7469 5148 7931 255 2754 7754 1464 7929 7153 2
190 171 3469 8781 8001 6389 2911 9399 7309 8753 1374 447 9075 9968
191 5453 6312 3168 460 1337 8819 2591 8673 798 8015 5288 6258 2288
192 9015 3267 6875 1733 2186 3397 2085 9186 5660 2864 8310 3774 8820 4647 6613 7615 2986
193 1053 4545 5680 4293 8077 3162 2262 1198 6033 780 935 3074
194 4030 7247 4970 6451 9551 7402 9126 6664 2952 3338 6883 3866 9731 2121
195 4200 3767 9853 4053 3960 9690 8828 833 8775 5594 9947 5219 2962
196 2881 4404 7042 7024 8404 8903 1532 5634 4944 7029 6332 9836 46 7699
197 4171 1518 6430 4410 6916 6869 1760 8419 6688 4500 4060 183
198 3302 6805 8198 5303 6007 7489 1435 739 6668 8523 9132 139 7153 6827
199 3749 702 9691 3283 2862 983 4368 5716 884 7048 2970 4501 4901 2962
200 4223 5187 9308 1427 7544 9070 975 4621 6543 7856 9301 4909 8716 79 7652 935
201 9933 5909 7492 4341 2506 4185 178 8455 9928 3333 9159 6345 6101 4199 321 7652
202 5466 2606 1577 3289 6887 7017 3772 4248 4507 7868 2600 352
203 4370 2619 1501 1062 1686 1738 201 3353 3858 5481 205
204 983 7309 4860 7946 6884 4845 9886 947 6787 1142 8963 4797 6875 951 1774
205 4195 8318 4419 6933 7705 6863 3512 2226 1067 7323 3229 6687 6258 321
206 8854 1581 4178 1336 4629 4206 423 6940 4810 639 5052 3441 3547 2505 6188 8053 4180 6635 5715
207 7523 3452 7530 8309 337 9198 5089 358 3357 9376 2189 8531 9451 5880 7153 3012
208 9405 8315 7802 2749 585 1421 889 8823 8158 6658 9978 3238 7285 3012
209 110 2678 1996 8415 3039 4428 4701 2672 2633 4232 1610 7477 7320 3377 5869 9244 2240
210 1402 3301 7583 3796 5450 1061 6652 9177 1602 9 1923 4974 9669 9244 5715
211 9300 8539 137 7030 9825 4615 8342 7950 3636 6410 943 9433 3242 8378 5645 9404 6044 6938 2555
212 889 4869 600 3525 6719 3676 1005 6016 5649 4401 7949 2288
213 9668 4113 6485 4182 1179 3829 642 8978 5210 4439 1898 5132 7960 4752 1784
214 7368 7626 0 8789 7963 1515 5647 1122 2317 22 9684 6537 4340 7762 9968
215 9833 4075 3986 902 1964 3151 4828 5067 2388 2803 2951 2770 6351 7751
216 7873 6256 2934 6933 9305 3506 2143 9673 7841 7770 4180 6044 5412
217 6874 4576 9958 3881 9209 645 5712 2546 8498
218 2540 462 561 5402 7353 5608 2997 5578 535 8949 2547
219 542 6123 7551 996 8286 2607 5308 436 2404 740 1846 4563 719 6369 3543
220 2508 6489 161 5361 2534 8573 5380 9723 1862 7185 5224 5762 4035
221 5786 3625 3978 2756 195 3071 3143 6729 3453 6269 2060 8431
222 2044 1673 6702 8050 2848 1526 3448 2137 1246 7949
223 4143 3387 6455 1733 184 4154 8410 8335 2445 3837 3726 5964 979 7949
224 4391 6647 4132 6232 8525 1924 234 1484 1751 6888 7938 4704 3101 6534 9842
225 3289 5581 1876 9305 2434 1652 4832 9809 3609 9341 7327 3072 9518 4664 6030 2240
226 6426 516 7691 4017 5109 1377 3189 6013 9362 5226 7970 2875 6613 1668
227 8635 5013 5682 3667 5534 6124 958 7262 8499 5934 6833 3894 2240
228 9137 8108 3860 4568 6314 1459 7879 5123 6853 3602
229 639 5278 4169 6483 5232 8895 6655 6503 231 1532 652 6458 5412 5715
230 9108 7529 5287 1014 8240 7644 4044 7086 2927 412 2962
231 5439 2390 6804 5162 3387 788 653 9278 817 7782 9129 7762 2240
232 7816 3109 7383 1384 5301 9019 7292 40 2080 368 5912 3504 3113 541 6584 2
233 9018 1837 5311 6265 5970 6751 2994 2451 1562 6827 5715
234 9402 1277 4580 1669 9520 1400 1608 2528 5085 4216 4111 5604 1025 569
235 2629 8393 7851 1895 3137 909 7302 5667 6721 9800 2413 6827 9533 321
236 6964 4675 5454 3811 5054 972 5613 6872 5000 8874 860 9178 6196 148 9968
237 1666 8458 7139 6893 7851 6756 7801 2956 2333 6911 2345 4199
238 4849 1344 9204 4505 8757 7471 5354 7964 2104 9089 7698 2121
239 4991 2419 5514 6063 2770 176 5449 2820 2315 3275 5321 634 2294 254 5412 5340
240 3809 7930 2756 7387 6718 2921 3244 7445 8079 5747 9586 9043 6547
241 3201 6375 240 8962 818 8127 113 8507 1187 7395 5902 8293
242 7382 57 8496 26 6040 1697 3776 8562 284 1560 5312 1533 9881 5099
243 5089 4980 5495 5990 1622 7958 9736 4574 8304 3751 9688 4377 5880
244 4565 1778 7684 9066 5516 7808 9254 3834 4515 7473 126 5964 935
245 8808 6509 7516 3450 282 6825 7078 8682 2415 1980 1855 1273 2818 7055 5869 935
246 2689 2597 2575 8921 4899 6427 6751 1417 4719 960 4020 5962
247 4668 404 30 7275 9022 2178 4921 736 7820 7633 1279 2368 1139 8069 3074
248 9225 6688 7783 9437 2992 7659 5298 8887 2417 6530 4203 3232 5412
249 5263 3765 9186 8271 2755 5314 9530 1341 1292 6729 4928 2679 8671
250 7164 191 5389 8265 1793 4879 9402 3070 5276 3696 1351 4865 6610 7120
251 4273 6852 3899 6263 1905 8724 3242 1729 2324 7968 4199
252 4702 4059 2912 3410 4133 7586 4717 2150 1439 8372 2690 4960 2551 3784 321
253 3866 5328 9825 2403 5743 1038 7169 270 3161 5281 267 6547
254 8903 9056 4394 772 371 1917 2703 926 6013 7788 838
255 125 6521 8749 6883 6092 6176 408 635 2535 7098 8859
256 7062 4724 3274 9223 9492 3529 7375 7449 4123 7929 2288
257 3898 7238 7510 8424 1884 3931 7446 8490 4923 3144
258 5588 2111 381 4609 7963 8877 8787 193 5844 367 4626 1774
259 8424 8757 1398 1626 5066 4800 2617 1138 6356 9930
260 1553 5477 3497 7342 3017 2435 9130 8090 9161 402 3383 6997 8396 3023
261 6794 6694 5298 7421 9516 3608 4277 2399 9621 8507 9632 8539 6672 9842
262 5753 8192 9691 9291 7273 2587 4342 5827 2792 8005
263 409 3132 7611 3199 7978 4549 9113 515 2590 6143 9034 5105 6101
264 6987 7876 9675 5694 3668 1905 611 6696 7379 4144 3789 3537 6082 5715
265 3175 2734 6318 6948 6500 8973 8854 9128 6734 5009 7829 1601 7438
266 4534 9581 7719 3422 9231 3988 4394 6700 1753 9182 9586 8491
267 9200 1650 171 3190 6856 5935 2998 8850 8708 1760 9548 2240 3032 2962
268 6295 1230 8265 2387 733 2046 4450 6897 2540 9495 2823 9179 3976 8920 2962
269 38 9272 7753 7334 2268 7843 6885 94 5077 7806 569
270 7735 4521 3112 4578 8093 3711 4218 2936 6465 3074
271 5418 5332 39 4478 8885 8945 1291 5692 6297 629 9615 7949 5962
272 3312 997 551 1891 7396 106 1561 1923 9132 3291 4463 4123 3315 6091 9483 7699
273 6965 4929 8204 3643 7700 1250 4865 7485 5744 2702 6126 8362 8671
274 6316 6674 6735 2504 8760 1778 2124 7616 4857 8325 7762
275 5453 7305 7121 3100 7695 5103 2133 9710 125 5766 8609 732
276 9811 1887 1962 2389 4333 6539 9679 9665 9338 7004 3834 7985
277 7122 1200 1549 142 7149 1614 5390 2381 2047 8248 1149
278 274 667 4119 3763 5539 7703 4850 1268 467 8532 4909 3836 79
279 3485 8739 5470 3915 4574 9312 1994 9640 5298 8390 929 2630 5715
280 4451 2398 890 747 3270 5886 805 6873 7292 1445 1611 259
281 5937 3154 2191 740 7161 6034 2886 754 3766 691 8894 1079 2555
282 4849 4551 3917 4877 3837 1786 9847 1788 4731 2332 7361 6538 2
283 4608 2747 2369 7722 6803 1614 5192 1842 5220 8726 2026 5457 6020 2555
284 3811 794 9001 1388 3419 7345 6085 5062 6139 1223 414 2001 7874
285 6483 8835 9941 8057 2632 9547 8707 3098 6982 9199 1534 6938
286 7106 2279 8483 7551 1636 27 7346 4012 1665 4639 6454 5848
287 7512 7246 5144 430 3288 2886 2446 413 9994 4442 2583 7842 6778 5762
288 5545 254 6144 3290 3671 168 5726 1482 3282 8844 7357 5228 4920 5758 2983 7517
289 975 6431 1820 7779 4381 6313 812 2482 4610 2057 5794 8663 79
290 8608 7246 3039 9705 4333 1793 5911 3283 9919 4970 4909 5219 7883 3074
291 55 2922 1389 8532 7967 4832 2459 1671 283 3439 8410 7063 8776 8235 935 9533 2
292 6389 2127 495 6951 6213 1324 2443 9949 790 413 4957 8105 321 9842
293 9974 9020 4136 5668 1507 5460 2285 7339 5948 7788 5715 4199
294 6749 4672 6105 7593 9263 7781 7344 9650 1095 7297 1360 8058 8716
295 4140 2246 9566 8020 4586 4992 4926 9997 314 4837 6285 4901
296 9204 2225 2365 4769 9960 7459 6456 1180 7672 9301 8078 8130 4941 1731
297 5091 3228 8827 6383 5084 2645 5785 7035 7006 9430 9453 2962
298 8346 9610 706 1178 6418 8530 3075 1857 240 1227 3354 4616 2962
299 8669 9474 853 8026 5177 1421 9327 8263 261 5366 1340 8049 253 3758 4199 2
300 4344 5644 646 2406 4131 3165 535 2930 231 6604 8853 5386 7852 412 4494 7652
301 1000 9184 4992 8224 8757 6222 1787 8469 9841 765 4719 4958 2288
302 2854 4226 8415 1239 9442 7497 3198 490 2010 4844 5219
303 7020 1173 835 4173 9427 657 5663 5107 4436 6332 1145 2340 9968
304 5520 9211 1762 794 1118 5769 3661 8510 5877 5384 3494 151 3856 9632 7549 732 1731 2128 3982 7652 79
305 3688 2268 4523 9571 7208 4017 3418 8635 476
306 1629 5859 1603 349 2426 4908 7593 8941 3647 3129 4294 8487 3377 8116 79
307 6358 656 1919 3441 8801 242 2981 1859 6065 6918 9816 4783 9623 4107 3074
308 2582 2336 7928 9147 7887 2824 1897 7948 7085 205 7652
309 4910 5070 1841 5041 5315 2650 2841 2138 4892 4100 7243 1476 3163 321
310 8520 7360 5524 3199 3466 7227 1930 7324 3350 9429 5923 7486 8580 9453
311 7693 2254 5045 1520 715 8051 3283 416 1428 4347 8362 1137 8248 5899 2
312 3854 494 801 895 8774 9708 3067 3637 8440 7647 7044 2555 9968
313 7176 2308 5133 4503 3711 2570 1708 2664 5866 9652 9374 2986
314 5045 6437 5094 3009 7477 3322 8403 9460 1306 5535 3526 5578 246 5072 3395 4760 3753
315 1143 5116 6936 1743 3450 7368 555 53 2333 4788 6281 2643
316 4130 3691 8167 7364 8604 5734 3373 8141 6413 7371 5234 710 3679 6153 5962
317 5845 9262 9153 1181 6244 5692 4759 7370 6328 948 4491 1041 5043 5677 3012
318 1398 2999 4764 3702 2367 6440 6234 2559 2957 9400 3021 6250 9075
319 5560 6212 4373 7682 4384 3138 4339 7160 4410 3612 9548 6161 3074
320 8703 2186 1118 6997 4866 2899 8502 1813 5947 3717 5802 8867 9014 7291 8209 3074
321 7306 5513 6262 187 5920 1092 177 393 2135 4127 6863 3631 1697 7204 4234 2898
322 3759 6574 9626 1003 3172 6633 5600 848 1179 2223 3240 9607 6538 2
323 8940 6522 1663 591 3300 5728 4249 6330 997 6931 9370 9593 2867 7438
324 9386 3863 8968 5995 5192 7921 3399 229 7223 6301 455 6904 7068 3575 9573 8431
325 4009 3618 50 9617 4488 6429 9650 2508 514 6014 9930 6827
326 6284 8385 5786 2508 1969 1587 7448 3563 1212 3782 308 5719 3146 8406
327 6957 3850 4585 879 3407 2287 1390 4082 3486 6630 9453
328 763 8382 4853 265 580 2326 392 4430 8605 622 1524 9968
329 4448 8632 3999 6821 7624 5960 7343 1214 5798 1581 9256 6137 2962
330 2824 6710 4006 7300 7607 7805 5360 6714 5647 1374 6502 469 8293 7949
331 7144 3573 4554 7300 7073 9452 766 4502 2698 8217 6020 5962
332 5114 4049 2587 6479 7108 8180 7721 775 9047 7501 5340 935
333 6114 4864 6063 1453 4066 1952 4517 4293 8931 7092 5164 1009 1384 1166 8150 6938
334 5819 3137 9859 4953 911 7796 5351 2933 4466 4719 813 8212
335 5499 8440 9002 8743 7368 8817 9041 7449 1786 4504 6054 3012
336 6596 5197 667 7186 964 5871 8243 1475 2742 6343 3537 3226 246 9800 6428 8125
337 257 6338 5618 6419 5192 1428 6386 2071 7045 1332 4154 7351 482 8920
338 8739 3840 7768 3847 6025 2461 3098 765 1963 9636 3700 6465 5962 8994
339 8011 8537 8793 8591 1298 7396 6155 2697 5101 117 1266 5386 8495 1984 79
340 1692 4849 1804 6620 6950 9627 6531 8757 6390 7864 79
341 9885 9643 4524 5166 6848 2536 5032 7935 2701 6952 6141 2209 6046 3885 5762
342 3546 5017 6629 8576 4452 6542 6939 4574 2155
343 1907 818 9683 1538 6892 5898 2279 1980 9816 9601 7849 9606 6677 2474 8832
344 5294 5814 7311 6249 2510 7952 4233 5018 7235 719 9160
345 3993 1972 5972 3564 2697 8620 5578 4388 5032 7426 3079 3792 2704 412 5715
346 5991 9 9010 5994 8477 6933 1826 5676 6871 5302 904 771 9943 9604 8841 447
347 1906 9898 3143 9375 2360 6282 4373 5998 3916 3793 4526 9244
348 191 8328 6343 3828 5380 8770 4502 6474 3970 4863 6170 1496 6938
349 4497 4052 5613 3610 193 3766 4157 4544 2843 251 2518 2983 1117 7438
350 4543 1551 1906 3892 9378 3397 3260 6010 2806 4539
351 6039 8000 9743 9788 6425 3682 965 400 5068 2706 3429 9467 8848 979 321
352 8317 5485 2590 2009 5853 9612 9887 8620 936 1585 8423 6827
353 5842 4098 4812 7165 7444 1208 2253 623 8704 3875 896 6332 866 374 6613
354 1278 1618 4817 3647 5202 1635 1690 2307 5664 2569 8145 4786 9533 2240
355 2397 433 4515 536 1230 1338 134 1467 857 1117 9129
356 8714 3506 4521 9067 4363 8667 5881 9132 5441 668 917 1465 412 660 1496 5156 6613
357 6709 1691 4206 2470 1102 4976 3592 5433 1955 1439 8512 4326 7949
358 7450 5528 2039 561 7387 3025 4019 7067 2029 2164 5112 9931 2240
359 5082 7524 1989 6277 844 811 1244 8732 8416 6712 3877
360 5853 5671 8375 3477 8604 7454 8256 8626 7876 3236 6048 7098 9470 4880 1583 300 2904 321
361 9554 7832 4169 4014 9959 3765 4555 5780 3843 9775 5501 6428 5445
362 5753 9127 178 4983 2557 5398 547 2528 6102 776 7762 9007
363 8969 5439 7764 1361 8492 4188 6985 3149 6151 4937 6975 2025 6327 8125 9968
364 3650 6954 4321 9828 1268 1829 6798 7223 4486 8282 836 5014 1238 3371
365 9618 5217 3847 7118 4197 7945 5679 4782 3115 6892 2161 6453
366 3271 1772 1302 9569 2734 8446 9028 5754 6192 9097 7013 2735
367 4806 4213 659 8420 7901 472 722 2661 6736 8900 8462 8910 7240 5412
368 3369 3611 7305 3265 4499 7226 2910 8369 2256 8439 2673 9669 3012
369 7526 9785 2942 2417 3775 7209 226 7478 241 2299 1184 6922 2962
370 1341 5811 2365 2287 3658 5158 2863 9945 348 6611 7438
371 5842 4114 7461 1644 1541 7034 2144 8224 9760 8382 1126 8687 2155
372 1385 6780 6643 5722 4372 3311 8872 4666 481 2890 8880 1752 321 79
373 4751 4196 455 593 7563 481 6891 5521 8088 9348 2407 935
374 6619 7236 9017 2130 262 6083 2377 1598 5279 7811 1206 9013 9244
375 4017 5 8646 6992 461 8596 5579 872 9264 5797 7739 8495 5848
376 7940 8278 9296 1754 7265 5382 4189 2788 1470 3588 804 6748 6538 3894
377 6252 9071 4530 5674 6445 113 5939 3922 5601 7281 100 668 8484 2240
378 2048 3659 1100 6513 8638 3421 7000 5792 6808 9637 6100 2182 9968 7699
379 2775 8420 6068 6171 5399 4511 3480 2465 6798 5295 9086 8491
380 348 38 1280 2626 2515 2468 2500 1233 4213 2673 5715 3894 2288
381 227 4382 919 741 852 9487 5639 761 7742 7827 8892 3668 2158 5702 5726 2666 5715 8491 3877
382 7074 7451 9429 6043 4703 128 2950 8508 4845 836 2962 8491
383 8004 5787 3709 4688 493 888 8188 1396 1132 7070 1583 708 8987 9160 9265 3783 5219 5715 935
384 9394 4512 3214 4322 3233 1920 785 161 3139 3842 3836 935 3877
385 5885 7676 7169 2206 9941 3747 463 9074 8085 5008 8393 2790 6613
386 3067 9184 7096 9618 7798 7258 2530 3313 579 9703 7426 3584 8711 1625
387 8285 1336 9298 1395 9507 9639 6974 3669 676 7974 85 7899 4539 2058 4340
388 9901 91 1599 6389 7321 6072 4122 7386 6338 9039 8314 3521 2962 2240
389 4753 1431 3583 7217 8682 3296 2387 6634 4488 6550 9848
390 8153 3542 1624 4522 3933 9365 7376 3512 6022 7751 84 5326 2
391 3372 9722 1381 1270 2698 4814 1341 916 2804 4185 1490 4007 6095 4326
392 3804 7483 884 7378 7745 7237 4293 3173 866 1637 9674 1780 207 3885
393 7616 758 1086 1769 4074 4278 7694 8941 1651 2752 1745 5681 5994 2773 183 2
394 2362 6878 6124 4451 6016 2309 4247 1744 1083 3119 3395 6470
395 4801 5400 8743 5189 4135 8447 8228 1372 5622 4281 5393 1882 3188 7919 8450 1790 3006 5307 8671 6054 2555 352 569 321
396 5273 7750 8397 2961 2379 6035 4825 1821 3104 2555
397 1693 5055 5486 7101 8750 3854 3120 5547 9668 3726 1683 1289 3106 2340
398 9081 801 1178 7426 328 4197 2248 3601 5637 4359 9175 5555 6611 9007
399 6150 8179 9598 1932 3709 6964 4932 4877 7872 1591 9005 4707 5696 2673 6082 3783 1625
400 9599 5868 5260 9256 677 9660 8278 7477 3329 1332 3446 4803 5896 676 1256
401 2295 2014 2691 8523 7591 5746 4628 485 1875 3651 4781 8572 7014 358 7732 979
402 3788 4421 6916 7937 6319 6026 6364 2799 9330 7719 6786 6134 8406
403 8203 4256 7362 8215 5403 9318 588 9495 8289 2121
404 5017 9379 1830 473 1787 9271 2971 1914 7287 1721 9299 321
405 7427 3809 5713 4017 9976 4354 7619 7757 6318 6842 5072 79
406 9902 2804 6695 2677 8273 4865 1914 5044 7216 6382 8350 4180 4326
407 7863 6849 6329 3257 5414 696 408 2918 6301 148 6101
408 7141 5701 9647 6455 8762 7351 101 8267 1853 1157 8672 9940 376 5788 4199 9453 9244
409 4237 2170 9289 9423 1840 9699 8281 7460 4795 3275 2322 6030
410 9657 8118 4417 5297 7433 1796 4028 6499 7700 929 4192 7234 1121 7438 7762
411 80 2354 5573 7211 2431 9149 7003 7368 7888 6332 3982
412 2918 5379 9961 4140 8610 4179 3517 3167 9324 4427 308 802 6134 79
413 2831 586 3021 841 4292 3970 4041 6231 2252 8908 9007
414 3107 5508 4291 9477 8926 8129 9069 4465 7391 935
415 7430 788 1189 9470 100 3260 3646 2245 6047 6661 9903 9968 2288
416 9651 5955 5266 7279 1459 5682 2719 402 2326 3303 1117
417 3695 8194 2881 2230 68 7509 6179 7975 4013 3022
418 2949 4347 9267 9169 1830 3482 7836 4197 4058 7060 1734
419 9685 191 9473 1096 2559 6791 7533 4072 7653 2898 5962
420 9554 681 982 7973 4122 7638 9123 7782 7413 2240
421 7990 8207 3519 6795 5200 5961 5634 6531 631 7455 4884 2685 6613
422 7427 9547 812 5408 6553 756 7890 5389 1494 8562 9045 30 7786 8599 6613 2240
423 2953 313 7881 3462 5628 7727 4130 6814 6509 4176 6827 9842
424 6090 1600 7215 8966 7121 6557 4429 3965 1310 3860 1963 7751
425 3613 5414 8862 4088 6551 4292 4618 7339 7939 2407 5880
426 4381 3011 1463 7216 1292 6373 9154 8203 582 2856 5041 7474 7762 4035
427 7098 2420 9511 1805 7375 59 9718 8362 3780 108 5322
428 8389 2108 2770 2951 8889 6627 6515 1934 725 6634 2196 6103 5326 9199
429 5920 1574 6301 3681 4618 5875 7701 3967 2605 7862 9646 3456 4090 5113 3758 8491 9533
430 9639 9161 7132 4574 3492 3271 6110 3956 9692 6226 7169 7861 850 8832 9842
431 8230 283 9734 1115 7851 8075 4254 7866 5132 1211 7862 8754 4661 8710 3074
432 4888 3499 5727 5886 2372 6013 6476 5755 1747 9115 3797 4960 8649 726 8062
433 6048 3785 689 9156 472 8413 4908 2351 7399 3047 8386 1042 6778 3936
434 2994 4309 8138 2815 8279 6349 5781 5276 5134 2822 9462 1984 2288
435 2163 6636 6543 245 8395 3292 6940 9737 1833 7200 1805 9609 4337 8711 427
436 4735 646 2027 6176 3437 3422 1923 902 9816 5799 6074 1635 5636 5507
437 3176 9122 8085 1196 7493 4945 5744 1367 2649 4817 5842 8470 3982
438 7891 4000 1077 5227 3588 7627 3833 7811 4631 6992 6615 6428
439 8409 6247 3635 6752 9031 5624 1626 281 9497 5035 2927 1948 6503 6141
440 1756 1016 3777 2951 1787 2747 5222 6433 7127 7252 3994 3375 8931 6938
441 1905 83 2359 203 2418 5946 4713 2689 3908 2030 7694 883 8910
442 9736 9844 6308 8826 398 3551 8113 4546 637 6732 2721 7404 6922 2670 7105 321
443 8850 3729 3552 7258 6932 3971 7199 6201 5237 3919 9451 3250 2001 622 756 220 4377 3004 9968 6938 5064 238
444 225 6058 962 5182 4601 1522 1899 2621 9966 2513
445 1140 5028 6464 4008 2936 2584 8254 1564 868 4126 4782 3755 1353 321 7413
446 5590 4364 349 2957 7847 3455 5666 6339 357 5247 9545
447 5058 1147 1935 5679 9275 4772 9909 6240 4865 3845 246 4333 1175 7669 2121
448 6974 4139 8807 5431 6042 2823 3635 9900 8444 7474 8922 6778
449 5418 4806 8147 8334 5290 7679 6825 401 1319 8119 780 6258
450 5842 576 3527 6293 8271 6888 8990 4143 2164 9969 8263 1293 4234 6258
451 1778 8944 7537 6271 3197 3177 1024 8564 6183 3106 1979
452 1603 2290 9629 8524 4732 9727 9154 8388 1183 2965 813 8212
453 1817 4028 6479 5915 7094 6741 9250 1490 1347 9521 9573 8994
454 9293 956 5418 7376 1283 6857 3838 529 5258 3771 5288 132 7050 340 5849
455 216 1518 36 3019 7360 2713 7004 3227 7696 3352 5212 4531
456 6254 9398 9564 8834 1792 5017 5116 7040 380 3489 2896 987 6336 1962 1877
457 9072 5018 1 1906 7235 8213 2246 3550 4294 1647 6101 6327 3894
458 8587 4708 7903 2404 807 1602 9845 1430 7520 9638 1644 704 3103 6613
459 3800 5751 6516 3148 3566 233 5330 4550 8677 2119 1569 4079 838 7699 3074
460 3109 2999 1853 6377 2641 232 6048 5723 50 4278 7041 3528 935
461 2757 2833 720 5345 7988 1673 9673 7990 657 133
462 5563 9791 5497 8729 2779 563 2183 766 1567 6566 6708 5670 8386 5446 1668 6584
463 6644 7840 7708 4062 7966 3087 9766 8056 7559 8358 3533 321
464 9364 1251 684 5399 4475 4643 7794 762 9325 2977 7316 9262 8256 3432 9244 2962
465 2021 7844 5550 626 2940 2659 6068 1653 9484 6687 8470
466 8655 3115 8432 7503 1825 2423 5684 3169 7237 8855 2927 6067 9968
467 9857 6276 1416 4268 9601 7769 8652 8654 3706 4705 5695 6428 2288 2555
468 7783 4360 8517 5905 8988 9478 2756 5509 6237 507 3047 7290 7732 4035 7120
469 8805 2047 4110 9524 4859 6550 9844 2129 3893 8376 6023 6982 9173 6611
470 3464 9667 4704 5362 801 6495 2447 664 8318 8423 6767 3012
471 9457 5073 9610 939 6393 4830 8827 1000 8422 7296
472 8287 6780 6637 4124 2206 1946 4383 7497 4262 1174 8671 2643 745 9533
473 6641 1887 6441 3595 364 1839 9030 7396 248 4243 3468 1546 780 321
474 3959 2722 8882 7620 3990 769 158 990 3852 7795
475 1474 8697 5338 2582 5202 7410 5101 7578 7460 4619 5097 726 5880
476 961 6760 669 6697 7428 1400 4689 9401 1335 8848 9139 5880
477 3385 8434 93 9748 3277 5611 1511 1610 77 6044
478 3332 5959 4207 5625 8820 1729 1700 2106 2929 8812 5715
479 1678 875 5631 6297 629 4339 8742 7059 6602 6732 4214 6258 3111 5762
480 4731 9122 3593 5420 2379 3605 4838 5682 9791 4035 4199
481 2432 4304 4516 8625 3072 6265 4674 180 9886 5406 4948 7699 2643
482 2215 4646 9675 6309 6491 964 3968 8430 4665 8005 5185 9199 1625 2704 4340
483 5591 4164 8496 4009 9860 1544 4003 4536 5531 6643 4203 477 2
484 7214 6789 2213 4491 1761 7173 1349 1940 8823 370 7182 1465 4362 2904 7240
485 5094 7279 8845 835 8796 451 5766 8421 8683 9518 1454 935 2962
486 2658 1520 8969 7609 6789 2687 3904 3867 2674 8519 1125 7736
487 6062 835 3683 448 8724 1024 2998 2737 588 2996 9330 2699 8687 3405 7652
488 2375 8144 8741 5545 7160 3330 6759 8513 1528 8147 2937 2604 8105
489 2742 7818 608 2172 4761 8988 7743 7860 7193 2264
490 6515 3901 4671 8518 7063 4818 4428 8467 2262 9854 2638 9351 3052 8920
491 2801 2926 611 9009 699 4537 8075 7906 2045 4661 6050 9107 7285
492 7574 2694 3640 2294 1333 5202 6941 4733 3612 4160 2185 1391 4928 1607 3758
493 3459 1951 7375 6514 2244 4094 3606 6789 1263 6456 3158 321
494 4998 3825 9203 2756 3927 9447 7507 89 729 6447 7709
495 5703 2356 7065 6683 5815 798 4875 4359 5081 622 5660 4276 9187 1463 108 6899 5885 8183 732 5507
496 2593 4718 2610 7228 2277 6891 7295 8509 9021 759 8343 5775
497 4570 4387 7346 2455 1382 5121 1848 4219 8958 8105 2986 3982
498 2730 3895 6501 1325 2426 3005 442 8792 6222 1907 2031 1262 9443 155 3320 183
499 2557 4049 809 499 3996 7505 6231 5172 4586 8905 8081 7314 4815 979