100
0 0 6 1 3 2 4 8 7 5 11 9 22 56 3376 12 47 17 19
1 91 3626 6 0 2 3 1 4 5 9 8 12 11 7 10 18
2 3451 0 1 2 4 3 13 588 8 3422 5 61 423 7 9 15 6 14 22 10 20 41 23 11
3 14 0 2 1 4 3 5 9 6 7 469 12 10 28 68 8 15 11 34 29 30 18 8970 399 26 39 4386 1915 1296 54 78
4 1 0 2 5 4 3 7 6 10 12 8 9 24 11 18 29 23 19 27 30 20 45 26 485 91 25 573 4571 773 7395 388 481 3796 3198 1572 1089 1495
5 904 104 0 56 4 353 1292 62 1 3 25 16 26 18 5
6 94 35 2 7 23 0 445 4 1 455 14 3 633 32 12 6 10 22 241 13 11 8
7 11 0 1 7 3 2 8 6 4 5 9
8 85 4 1 0 18 7 6 12 8 11 2 22 3 1300 10 24 76 5 74 26 248 14 7065 9 101 6433 117 91 23 17 27 29 5429 303 1315 4371 3849 1263
9 6261 2 1093 645 46 4 0 1 64 113 32 3898 20 6038 23 3 12 5 8 9 14 10 7 6 29
10 29 1 5 7 6 0 2 768 4 3 17 127 38 32 10 1405 8 23 381 4009 11 4835 57 55 19 143 18 174 22 2381 78 27 9 1756 6729
11 14 0 1 3 2 7 8 4 5 6 9 23 10
12 3 0 6 29 113 368 383 5 87 393 1 52 623 11 1867 1199 389 16 199 4 2 8 10 9 27 7 12 17 74 13 15 34 18 624 62 5450 5926 1737 8334 243 2848
13 2 1 0 3 5 4 8 7 6 14 64 8130 20 12 15 10 17 46 9 1410 13 21 50 42 27 48 209 11 33 25 2955 236 176 121 554 138
14 311 1 0 3001 13 33 240 5 8 4 7 27 6 11 9 2 10 3
15 51 3860 1 0 8886 27 65 7 2527 285 368 57 71 12 2 4 69 552 158 18 10 98 14 3 5 9 6 8 26 30 17 11 156 19 32 21 15 24
16 2385 0 2 3 1 4 14 5 6 8 10 7 21 20 18 16 89 12 9 48 2255 837 1147 368 412 11 6555 105 601 2684 4554 27
17 19 32 579 2382 530 70 5227 4291 0 1 4651 6 4 10 2 8 11 3 5 9 7 12 14 21 48 27 18 20 16 368 89
18 6169 0 6 2 3 1 9 7 4 5 12 20 8 27 11 14 21 18 10 16
19 3 6 1 5 2 4 0 7 11 8 9 10 12 13 20 14 83 89 43 203 17 29 48 546 31 15 22 5789 2165 140 822 6049 1070 885
20 80 99 2 527 9825 16 943 66 11 295 0 110 71 560 5 12 4 89 10 20 8 43 1 7 3 14 9 6 83
21 31 1 4 2 9 49 7161 0 190 538 4247 799 4911 12 11 5 7 6 8 3 14 20 10 32
22 218 0 2 4 232 65 1 608 3 901 7 12 1039 1665 41 3935 2989 5 8 6 11 9 20 10 14 15 19 17 176 62 39 452 50 13 137 2153 3198 21 2848 5985
23 71 1 0 6 4 3 5 8 2 7 12 14 94 11 9
24 53 0 10 15 37 232 216 81 203 7 3 1428 74 299 2546 2 5 1 8 4 6 12 9 14 13 27 24 28 11 17 77 19 138 26 59 46 1290 69 79 3684
25 283 0 8 1 5 2 14 169 9 4 3 6 23 7 13 71 39 45 41 167 111 323 17 20 203 11 73 75 15 21 12 8480 725 2060 8450 1290
26 18 3 5
27 241 9334 2 5 9 97 1 1922 11 176 0 235 64 40 1981 1427 35 464 20 252 4 8 3 10 16 6 48 7 575 13 14 93 28 27 17 138 3700
28 13 12 345 0 3 2 64 1 130 14 31 4 463 9 19 150 7 10 11 8 15 32 320 20 6 653 68 8176
29 278 1 0 2 4 3 9 6 59 7 11 5 8 16 756 14 10 13 17 35 27 138 806 12 33 22 127 31 302 23 121 26
30 19 4 2 0 1 5 7 9 11 8 20 16 17 3 26 14 6 13
31 48 7 204 6 0 2 5 8 1 9 4 3 68 19 10 353 16 15 17 13 14 27 8699 113 12 9969 24 28 9948 5109 29 89 5381 164
32 11 0 1 4 5 2 6 7 3 8 9 14 17 13 10 27 16
33 838 0 1 17 5 8 6 2 9 9158 3 7 3615 4 10 39 13 14 15 81 23 12 47 20 113 29 26 27 77 11 3398
34 32 0 39 2 8 11 6 1 3 33 4 438 174 7 15 12 23 5 20 113 9 13 27 77 14 10 26 17
35 5715 2 5 3 0 1 4 6 1886 9 12 7 84 205 23 153 43 18 98 307 21 35 71 14 8 10 13 200 64 1524 5921 482
36 26 9 0 3 7 8 1 4 2 14 6 16 40 5 13 673 44 1108 89 55 140 113 18 10 32 22 28 12 21 11
37 452 5 1 2 4 0 3 7 6 15 8 14 13 9 12 10 23 18
38 14 0 2 1 3 4 6 7 5 8 9 13 12 10 18 15 39 19 7470 21 1271 43 55 503 20 241 161 49 30 32 59 155 27
39 13 7 6 1 3 5 2 4 0 447 8 12 17 10 9 18 15 39 14
40 1345 0 1 173 3 4 7 2 904 5 8 6 9 13 14 12 10
41 1909 2 6 4 0 7 5 2388 3 1 77 28 15 41 35 94 27 31 12 3092 21 262 1291 20 16 14 80 13 216 8 9
42 8176 3054 1 3 1107 1191 0 424 440 14
43 23 4 0 9 7 6 1 8 2 5 14 3 13 10 12 80 15 18 19 31 97 62 5064 11 738 208 1991 1932 181 43 26 37 21 432 815 9517 708 1263 968
44 18 7 1 0 2 10 9 4 6 12 14 5 8 13 3 30 11 80 23 15 19 31 97 43 37 62 181 21 26 815
45 4253 0 1 2 10 4 3 5 9 6 8 7 27 35 17 260 25 12 15 13 28 99 546 118 3372 56 14 24 26 16 94 5381 2128 554 5921 4768 1671
46 20 0 1 8 2 7 4 5 9 13 12 3 16 14 10 15 26 6 11
47 5 4 606 4471 6 0 2 41 52 148 7493 5618 9831 51 1 8719 54 234 154 168 45 494 36 71 31 8 67 7 3 9 12 28 14 1502 485 873 138
48 12 6 2 258 8 49 31 13 45 61 35 1 5 4912 4 52 28 577 552 0 3550 32 2381 3 7 9 10 11 4204 17 26 104 48 98 2770 155 236 5990 583 2264 1502
49 12 7 2 0 4 8 9 3 5 1 10 720 6 23 158 139 172 13 81 21 14 25 533 97 11 34 3901 17 669 1155 28 52 31 45
50 54 0 4 2 3 1 5 7 8 9 6 10 15 12 14 297 42 25 13 26 23 8973 27 19 88 29 17 11 28 6137 1959 646 419 272 123 118 9957 316 4613 138 3923 4247 3684
51 297 2620 180 468 0 93 185 780 487 345 138 1 4 3 6 5 2 9 7 12 8 14 11 51 267 18 3250 5977 3140 351 1021 19 27
52 0 6 2 9 1 5 4 7 8 3 10 13 12 14 11 19 27 138
53 34 23 6121 106 1032 0 7241 681 32 3 96 168 4132 6845 60 5 8 7 6 1 4 2 9 12 27 11 138 19 14
54 2531 0 1 5 2 24 15 4 8 7 3 6 10 29 12 279 32 16 133 9 18 500 13 266 313 59 26 48
55 1045 0 1 25 7 13 23 8 161 16 27 10 4 2 24 34 3 6 5 9 12 7651 806 133 26 14 236 275 17 18 39 5501 240 725 138
56 2385 0 2 1 3 4 7 5 14 6 9 8 12 10 16 24 13 18 27 19 25 17 26 275 115 15 11 77 29 23 39 129 132 117 789 1184 37 4650 3244 1495 176 1737
57 4 1271 9 2 4455 519 0 418 154 31 401 5 24 37 1 10 90 79 60 8 18 4304 16 6269 34 29 12 6 3 7 19 13
58 2893 2 1 0 6 4 968 10 7 13 293 24 204 16 20 43 3 275 19 61 5 17 15 12 1810
59 9 2 4 0 5 1 3 6 10 8 7 13 15 12 14 16 18 11 24 23 19 26 20 40 57 126 762 2102 349 108 946 6887 337 3774 1263 1502 1334 708 2456 3975
60 465 0 1 2 5 9 5977 4 7 3 55 33 11 8 6 5390 16 4567 24 95 19 127 131 29 214 32 12 23 118 31 15 13 14 126
61 11 7 1 0 3 5 4 6 2 8 9 13 16 14 23 12 24 42 19 20 954 26 64
62 89 6 69 4 0 1 1283 469 84 85 582 5 7 8 2 3 9 16 10 18 23 19 12 28 14 24 26 68 13 54 209 11 43 3756 2264 5276 1502
63 18 2 0 7 6 1 9 4 12 3 5 14 10 8 19 23 16 24 30 28 11 13
64 4 355 12 96 1 7189 3 32 29 0 1021 10 7860 112 17 1738 191 75 2 5 8 7 6 9 14 9486 6428 28 466 110 136 158 55 27 3054 5313 583 468
65 71 1 2 10 0 5 8 7 9 4 3 6 14 17 12 19 13
66 5 0 3 6 2 4 1 7 8 9 10 21 15 26 18 12 13 62 2262 161 14 23 141 6629 22 171 17 136 11 8512 2135 8629 3038 2218 1434 138 9584 1737 900
67 174 9 2 59 0 26 4498 38 3 9824 42 1188 64 4508 1 6 5 4354 535 641 12 8 7 4 14 10
68 756 0 1 2 3 5 7 8 569 11 4 9 608 31 6 28 25 13 16 43 12 1637 19 36 133 1800 218 26 55 33 57 138 9886 1290 1263
69 6 2 3 9 1 0 4 8 5 7 18 12 49 10 46 24 23 16 308 244 115 27 56 177 29 4594 54 1623 2933 1215 1127 1122 320 120 63
70 14 0 2 1 6 5 4 8 7 9 18 3 20 163 12 16
71 353 1 3 2 0 15 4 12 6 16 97 21 8 175 752 9 20 384 46 7 113 35 5
72 45 5 4 0 8 1 7 6 3 9 2 12 30 17 47 1709 11 56 15 14 2914 28 1115 10 121 22 19 3754 292 311 18 23 29 63 290 27
73 1875 0 22 1 2 4 18 7 848 3 5 11 101 12 8 16 35 239 9 477 3725 19 6 10 23 62 150 13 17 136 43 15 1671
74 14 4 2 0 1 7 9 5 3 15 54 8 6 465 11 95 19 23 12 10 18 17
75 11 14 2 0 1 4 5 6 3 59 33 8 9 7 100 147 12 10 16 28 36 200 17 19 13 71 4038 22 111 710 191 1305
76 357 0 29 2 7 3 4 8 1 6 1931 18 11 9 10 5 12 19
77 0 2 12 1 4 3 6 18 21 11 9 5 13 10 17 7 22 15 8 62 19 114 43 23 14 39 85 339 38 64 109 177 20 30 1671 1482 977 176 27 3279 869 2060
78 15 1 3 0 84 4 6 2 946 9 34 8 5 7 716 110 11 2098 1706 18 26 2840 104 32 10 29 806 12 19 23 17 13 27
79 26 7 2 6 5 0 8 4 1 3 9 13 10 23 12 15 19 17 11
80 1810 4 0 361 111 14 170 2 192 16 54 51 32 41 128 27 43 9872 903 5 87 6 68 21 1 107 46 20 7123 355 22
81 12 0 4 5 2 1 7 591 46 17 29 6 3 2389 44 8 9 162 543 21 58 76 1265 5275 23 62 35 8414 45 317 11 14 299 869 138 126 3106 968
82 10 0 6 4 7 1 3 2 8 5 9 12 23 13 7320 8728 26 21 22 28 14 9397 19 659 423 33 35 45 54 11 100 16 527 68 1226 123 15 126
83 24 1 0 2 3 9 6 4 124 5 8 81 12 7582 113 54 85 7 20 17 1844 23 772 525 18 35 11 14 21 45
84 2 5667 159 1 16 4 0 3 370 5 8 7 6 9 23 10 11 9876 15 21 19 456 366 1895 17 154 79 9412 240 24 168 4225 4512 2035 1671 2063 3097 404
85 163 0 1 2 7 53 4 8 48 6 3 5 10 9 30 463 470 35 80 71 2131 33 22 25 6261 23 11 16 21 15
86 50 0 1 2 7 5 4 6 10 3 15 47 804 17 13 43 11 8 9 6169 12 23 21
87 11 1 0 2 3 5 7 4 8 9 6 23 21
88 24 2 0 1 7 4 9 5 8 6 3 11 23
89 2415 0 7 1 2 9 3 6681 16 17 8 641 3906 80 5 28 33 11 309 34 67 6 4 12 39 10 13 15 21 25 1583 27 1591 869
90 18 0 2 7 6 8 1 9 4 3 14 5 30 21 15 12 13 11 10 16
91 1 8 2001 101 56 40 406 10 585 463 53 3 237 111 426 1279 26 0 28 1866 14 2367 2 5 7 6 4 9 12 11 15 13
92 35 55 2 1 0 17 5 33 20 1131 3 183 1624 1321 208 84 27 8 9 7 6 1465 23 22 9514 21 28 34 19 77 351 15 12 49 227 13 14 79 1896 193 3244
93 2 0 1 3 9 5 6 11 4 7 8 12 10 13 17 34 14 15 9798 19 28 23 21 33 18 27 22 79 77 40 49 16 1054 585 121 3676 3097
94 9259 6 2 8 3 1 9 4 7 0 1037 12 90 19 5 11 1565 316 136 1241 267 582 14 72 99 111 20 226 310 10 15 17 23 3097
95 3451 0 1 7 8 6 5 2 4 3 13 11 9 10 14 15 12 19 17 23 200 34 59 838
96 24 7 8 6 5 1 2 4 3 0 9 10 34 13 17 11 20 248 15 14 12 19 23 33 29
97 13 0 2 8 5 1 7 4 3 10 6 20 9 11 12 15 14 17 19 23 16
98 1069 30 0 75 18 3083 57 14 921 5 395 6 307 51 3064 4 38 2712 1 15 4711 1423 2 9 8 7 3 17 23 12 19
99 32 3 1 2 0 7 9 4 8 5 6 12 24