100
0 5061 6336 6063 966 1018 6385 6525 8133 8248 5743 1156 1342 6680 7975 148 3790 4813 525 9371
1 2750 198 2868 7573 9594 58 9346 2713 1045 8805 6014 4545 9806 325 7539 9431 7919 2044 8933 4571 3380 2319 9139 5450 3427 4747 657 9576 5973 7218 9803 1329 8049 9757 5040 3256 5872 6803 4771 227 6488 1598 7741 4419 8393 3307 4968 1191 4078 988 3247 7728 8260 2633 7948 6186 2019 6405 7516 2864 9292 7283 4730 9491 7880 1363 1857 347 6813 4574 5596 294 6910 6660 4241 369 4733 4224 6024 5281 5618 2841 9520 7925 8324 5061
2 2750
3 2750
4 2750
5 2750
6 2750
7 2750
8 2750
9 2750
10 2750
11 2750
12 2750
13 2750
14 2750
15 2750
16 2750
17 2750
18 2750
19 2750
20 2750
21 2750
22 2750
23 2750
24 2750
25 2750
26 2750
27 2750
28 2750
29 2750
30 2750
31 2750
32 2750
33 2750
34 2750
35 2750
36 2750
37 2750
38 2750
39 2750
40 2750
41 2750
42 2750
43 2750
44 2750
45 2750
46 2750
47 2750
48 2750
49 2750
50 2750
51 2750
52 2750
53 2750
54 2750
55 2750
56 2750
57 2750
58 2750
59 2750
60 2750
61 2750
62 2750
63 2750
64 2750
65 2750
66 2750
67 2750
68 2750
69 2750
70 2750
71 2750
72 2750
73 2750
74 2750
75 2750
76 2750
77 2750
78 2750
79 2750
80 2750
81 2750
82 2750
83 2750
84 2750
85 2750
86 2750
87 2750
88 2750
89 2750
90 2750
91 2750
92 2750
93 2750
94 2750
95 2750
96 2750
97 2750
98 2750
99 2750