100
0 0 6 1 3 2 4048 6052 97 91 18 949 2498 9 2334 24 14 425 2594 177 2482 110 12 1009 3160 82 26 242 1725 451 293 152 30 2841 138 554
1 0 1 2 4 8 10 15 12 55 17 70 162 6423 47 54 3016 6 213 803 446 134 314 29 3 82 237 231 1190 325 180 74 1572 1290
2 32 0 16 1 23 391 11 3 108 2 19 112 4 2431 18 2282 1913 2051 179 8114 50 44 799 6348 3796 34 7 8702 1697 35 8 5566 5 1591 22 62 9 632 3756 2264 1502 3244
3 2 3 0 11 24 1 2517 76 168 59 4 16 18 2942 222 9 20 447 217 635 6 1407 21 1071 78 8466 19 6745 2378 3603 22 62 28 1888 3097
4 1 0 2 5 4 200 54 3 118 59 742 3293 2791 24 6205 7287 8518 9 890 26 147 514 8428 7122 86 7 21 66 139 3946 62 138 1482
5 0 2 1 4 27 3 8 255 1672 70 5 13 3246 17 465 625 380 2565 60 402 56 1391 75 2106 82 5626 6 6558 2292 9676 798 712 28 404 1263
6 2 7 1 0 56 24 1826 162 151 37 12 65 46 3 2196 53 146 109 15 719 650 1213 16 9 17 34 133 76 2785 29 1106 164 5 3604 195 2076 69 2153
7 2 0 5 7 1 11 35 1677 3 46 24 885 1105 422 25 18 1686 77 17 44 20 12 2664 276 4477 45 126 6 14 15 3700 375 1452 138 1310 1290
8 278 1 25 0 9903 464 58 1403 22 430 178 37 5519 2 323 5361 4 46 364 41 831 5515 5 700 7269 123 3198 14 13 6890 65 240 406 1581 7 9 1089 199 404 485 869 867
9 0 1 2 3 7 20 4 40 50 22 10 275 9 9837 41 2939 459 2155 162 1307 473 80 44 21 34 6190 38 8 244 17 2178 1723 468 6729
10 0 13 1 12 2 1435 3488 580 6783 50 3532 3 20 1396 30 66 4 11 1621 16 739 3282 428 299 1421 1667 23 216 10 18 1077 468
11 0 6 1 12 11 2859 246 2094 327 180 324 2 194 103 26 7797 54 477 21 79 14 70 8 399 465 347 1758 51 30 48 234 3358 138
12 2 1 9 6 4 0 3 13 5 1481 2688 979 130 879 421 301 192 1973 506 14 12 393 1082 678 32 245 790 2990 7182 19 22 7 207 439 878 595 1395 355 1502 1310
13 2 1 0 3 218 7 6 5 3989 4162 6480 5604 174 4 9 16 50 244 32 1407 8 95 1506 58 750 611 947 3648 457 21 4482
14 1 24 0 128 15 936 175 14 3 760 18 396 6571 73 22 475 4895 294 121 1587 666 5 860 4596 168 366 7 688 2593 19 4 608 8355 8 434 152
15 0 2 1 3 5 4 6 7 13 3065 16 389 9459 110 86 24 135 26 197 1764 863 240 742 8 5634 17 53 1221 31 3443 1002 12 22 6804 876 92 28 6668 968 1290
16 2385 0 22 258 264 612 142 12 3 8365 21 1 4 2 19 234 435 625 517 3502 13 64 1210 1401 58 40 621 418 1332 659 184 16 992 275 9295 36 148 1979 6450 126
17 9 33 0 13 1 6643 48 3 7192 5 962 2406 54 3972 21 6 42 50 25 15 5034 11 209 27 53 32 4938 6992 791 63 4 138
18 2 1 3 6 0 9 12 5 7 51 168 533 48 129 3751 3983 10 26 60 39 213 14 34 13 5634 546 17 4 11 747 731 554 138
19 13 12 5 3 1966 7995 27 2610 0 11 10 722 29 102 47 1 6 2 835 97 23 104 8 127 65 82 402 7 15 98 332 76 52 982 436 277 859 1737
20 0 3 5 1 24 31 168 757 131 1223 20 3320 6 352 15 4 2849 10 21 91 9 715 287 14 8355 338 19 27 66 34 6879 2683 1052 3412 8402 1290
21 2 0 1 3 7 12 4 17 11 218 1402 32 49 13 6 2568 429 122 5120 34 567 5 1828 275 10 1271 70 325 1951 176 2264
22 9 8733 68 244 433 11 0 81 4 4138 5350 2 3 21 207 33 161 1130 10 12 1593 651 2657 75 173 197 134 18 499 7 28 273 19 1888 554 3774 5926
23 4 50 1156 26 39 33 0 1042 2 3 5 11 8 1 7 55 1948 35 233 6 17 53 1959 1438 28 19 3324 129 5834 1152 107 1967 152 2579 138 2060 1334
24 0 2 5 6 49 1 34 1066 15 13 3 104 1091 7 1932 18 445 59 29 1142 8585 122 1474 133 55 438 4581 7600 919
25 6 109 2546 8 0 10 4 342 9677 12 1 9 2 74 409 1293 13 5 463 249 807 226 36 1490 21 14 22 1859 757 3 127 27 69 3262 1610 1482 7242 5482 138
26 0 1 2 4 8 10 15 55 415 124 110 46 1988 22 23 17 409 12 785 591 91 170 79 1598 27 243 890 1704 800 1721 5376 25 1552 6035 679 7712 1951
27 0 2 3 1 5 4 6 8740 1871 3167 378 965 29 40 16 8 7 19 537 41 70 14 2050 294 36 171 291 148 55 248 108 18 126
28 1 0 3 10 58 2 20 93 51 3794 3516 17 89 1228 68 1149 5 3127 745 479 79 74 7064 325 244 18 33 4672 3125 9894
29 1 0 18 5 1700 10 3 32 2 8806 20 196 58 118 38 3773 174 4539 6756 45 712 171 460 4788 4417 49 53 8 4 414 138 751 442 2955 4371
30 2 0 1 5 6 3 26 110 8 20 1753 2867 1316 4 94 12 54 34 1493 687 1379 465 368 2234 31 11 149 30 853 1263
31 0 2 3 1 8 4 5 347 3384 128 35 19 2762 4638 320 13 97 20 986 696 379 6 21 7 1183 48 17 16 1953 4532 139 107 120 3097
32 31 1414 0 175 10 7170 5 32 89 6 6382 12 179 128 235 1614 2184 9175 9073 2746 1741 11 144 730 3973 280 859 5921
33 582 0 1257 151 2624 446 6 990 2862 8 82 203 17 18 57 34 46 315 2 158 3 809 33 10 5492 102 132 4 2033 76 501 9896 3600 204 1224 609 1365 1954
34 0 55 89 4104 5850 1 1378 264 550 3 24 1866 2986 101 4685 148 99 70 2 134 8076 4474 3768 4 35 1902 6604 437 2619 4133 9 909 224 329 8 2153
35 8973 272 3 419 2 297 23 1959 88 19 0 28 118 123 646 42 29 6137 14 108 64 9957 1 35 51 7718 235 4 3236 24 8 11 1752 7970 138
36 0 2 1 49 40 225 864 24 1141 1922 5 1102 723 77 13 10 556 1340 96 1990 3 284 157 6980 659 20 979 3374 482
37 3140 10 322 19 1372 412 0 6755 395 62 2 6 15 18 51 514 866 16 817 594 54 106 1233 363 1 69 4659 57 6130 3 587 7 371 1089 776 1737 3097
38 14 8 1 0 21 1759 2 16 9711 6 1606 7 12 3 1937 4 337 32 59 37 5472 94 641 502 839 271 24 1424 60 61 355 9 63
39 1 1251 322 94 3 2 701 189 56 99 13 6 9 2128 0 796 4 118 169 546 21 632 7593 3813 26 7 204 25 750 8 5381
40 225 229 47 384 0 27 2 239 11 1601 4025 5 9 6514 6001 1 310 18 365 8 23 753 2190 4 3761 16 2327 29 5625 143 3 21 32 2818 7055 1310
41 5038 1 12 2 20 71 0 64 52 1516 5737 4 156 50 11 722 3 6538 2344 14 7 9 17 66 554 68 716 39 6 5 2076 1679 900 1173 3975
42 0 46 8 3 1 4 6 180 5 3624 54 10 1059 11 32 19 89 13 3609 4820 91 7208 56 12 1917 24 1486 162 51 147 665 7 5150 2848 3097
43 0 1 2 4 8 3 10 114 46 5689 40 5 9359 70 33 2433 371 61 772 246 6 12 54 15 377 7986 296 11 2904 1894 4838 653 210 132 1296 121 1958 5985
44 2 0 1 5 3 8 122 2298 513 1662 855 702 3271 45 53 3927 28 14 7 1026 56 2302 78 8390 170 13 327 11 750 40 79 4 31 2627 137 132 37 22 148 708
45 0 6 1 11 2 4 8 91 12 61 3 633 10 760 1889 1571 117 82 6820 475 1566 309 159 26 37 70 98 302 664 25 9 5150
46 0 2 1 6 5 47 84 7913 37 4 112 33 39 68 983 15 57 322 172 7 36 17 421 1227 670 66 34 11 1155 9 902 9770 1629 2304 148 2848 1502
47 0 1 2 3 4 12 19 258 235 47 111 278 5 402 6629 64 580 160 6 84 228 740 13 3893 130 2348 3033 69 138 867 2264
48 1 0 3 2 5 9 2300 1191 178 4667 8 12 1742 364 146 1545 34 3987 1729 164 1665 66 24 1534 30 807 43 6612 1338 57 7279 82 1283 1077 4247
49 0 2 5 1 6 13 1166 644 7 425 7135 1567 267 11 70 22 248 3 352 36 113 68 105 46 128 15 8438 4131 9 121 2513 3684 1482
50 2 0 1 7 15 17 151 12 3 348 4 2853 158 2743 102 16 26 716 1246 44 1033 27 19 500 301 8480 112 8 128 498 739 10 93 95 76 157 9502 3244
51 0 1 9234 28 33 4 2 8783 9 213 6 23 4705 597 788 4606 288 966 78 14 13 22 2410 63 200 7 508 21 45 1728 17 159 24 725 334 1989 2420 27 2818 9365
52 0 27 2 5 1 8 29 3 9 1361 1950 4 12 7 248 30 25 13 26 72 676 2088 724 10 105 381 14 2702 6 467 145 859 1643 3849
53 6 0 11 21 114 19 22 12 3038 4 1 100 1434 62 17 18 171 5 13 2 161 2135 724 2052 8512 15 187 9 243 2218 8629 251 23 136 3 2262 1428 8 236
54 0 6 1 2 3 24 736 8989 1121 1426 31 61 2697 10 4181 99 65 735 13 17 1038 4738 1613 140 82 773 429 32 8725 475 63 4500 869 708
55 0 1 6 3 2 5 6055 10 505 124 88 33 7 12 20 17 407 36 18 114 540 537 381 9 11 52 57 83 5838 468 6887 1263
56 0 5 1 4 2 3 31 254 6 18 10 648 605 579 9 44 994 182 8322 302 7922 8 520 289 95 280 161 1198 586 19 69 2659 1334 869
57 0 1 2 4 3 2894 323 10 257 308 488 46 15 45 1635 17 1257 119 20 129 192 26 78 34 183 908 152 7 1628 14 637 1679 482 708
58 0 5 55 11 21 88 7 6188 3131 3338 113 22 56 3 716 359 9414 1 876 2 609 2193 684 4 1484 864 2064 514 1603 334 1635 120 4390 3110 1263
59 4 9 2 65 167 21 323 0 5 769 75 1011 1 111 203 31 125 725 8601 6408 93 35 3843 6238 225 2187 1429 64 39 1728 22 11 1412 5333
60 0 29 1 3 259 11 2 476 10 25 2239 483 1074 1909 5221 6012 344 8 7 4164 137 55 471 44 529 23 28 52 836 316 186 27 4613 69 2848
61 0 4 10 2 15 6475 325 275 2929 1243 9 51 5 128 28 1222 19 3 269 2146 7214 430 8 152 30 2628 965 6 20 1322 213 24 1604 4102
62 10 332 5014 164 112 117 5 72 77 7 56 1 2091 2 1610 0 43 202 214 31 1051 9 25 135 256 2951 4089 6044 20 498 3 58 2575 197 7624 1310 138
63 0 2 2178 4 1283 115 188 7820 5127 57 34 56 3 660 5 3100 135 6 3249 425 8 409 9 24 2158 5063 307 1 227 15 21 6549 1397 1554 14 285 138 709 900
64 0 1 2 4 3 8 10 6 12 328 2507 15 4630 5 41 55 1993 187 14 1333 11 1876 74 3317 93 1866 73 265 25 108 19 117 1408 176 1671
65 39 0 1 14 18 38 25 2 5 4 2098 3056 503 76 6 941 1582 50 8401 9493 91 144 173 147 131 116 2052 45 120 155
66 66 39 14 2 118 0 4129 7437 289 523 2219 75 20 31 25 16 58 13 85 1 4 337 169 12 11 7 1806 406 5 176 280 309 554
67 25 0 39 2132 21 1863 14 38 28 1 15 779 1843 68 157 1623 1956 375 19 4 2195 18 3 7 891 229 2706 3689 519 2 5 129 511 36 7687 27 3767 3975 1671
68 0 6 1 11 12 26 2 8 18 76 5 7 356 4 3164 2611 502 158 505 25 9 946 1509 24 477 72 1967 43 3 23 136 6126 176
69 762 6 141 4 0 1593 1 1499 11 10 5 33 73 427 1883 1119 3 388 62 1279 2 358 109 8 9 17 8180 28 58 276 57 63 47 245 3561 977 8271
70 0 3 1 73 79 344 202 47 757 25 1990 170 14 5 18 431 289 203 41 2 631 8 483 2020 368 441 9140 180 1807 3686 1917 859 3244
71 3 1 0 651 663 12 13 8088 2 5 112 84 4370 22 2665 15 4 3003 164 55 5275 443 42 48 111 142 9 6 2477 60 407 4148 327 473 19 114 2591 859 1671
72 6 0 1 12 11 2 91 5 755 1353 2195 23 67 2473 9 46 3 248 15 51 60 111 20 313 6094 3828 84 332 8 72 138 1384 1495
73 0 1 2 3 12 20 7 7384 57 2598 196 49 119 720 72 5 84 17 9 18 4 880 128 520 32 5339 172 3442 10 912 534 251 23 8 662 1495
74 0 1 3 8 13 1889 39 2514 378 248 282 6 4032 33 73 1438 1357 2392 174 10 590 170 633 443 14 28 708 138 4247
75 0 1 2 3 5 4 71 1515 19 1073 2436 82 963 17 57 335 37 12 6147 212 25 6913 433 136 165 29 568 14 133 15 7 9 404
76 61 845 0 288 2 29 1 1378 6571 519 78 2177 1250 383 57 7399 2961 90 10 3955 188 20 4 225 826 521 1476 26 14 6907 7 95 166 1327 3379 2902
77 2 0 1 11 447 4 6 18 76 658 40 3 183 254 59 9355 1087 69 33 203 5 9710 5872 533 25 180 95 289 9 207 715 197 155
78 1 0 2 4 19 719 7 9742 6 5 2451 58 4452 91 1075 20 190 635 680 1406 292 7815 1566 24 481 3 3006 181 14 40 8 145 5276 485
79 0 2 3 1 7 11 4 15 169 682 498 1861 19 8579 1459 1201 260 5 636 436 4618 4793 378 8244 997 4048 277 13 16 3894 62 6165
80 609 99 0 5 2 11 4680 46 1 10 71 6 380 3 15 1232 115 37 5479 109 17 8 382 224 3528 23 57 1866 16 197 95 172 2060 968 6337
81 0 1 2 3 7 20 4 40 10 57 5 24 9 3186 38 147 11 4339 41 978 119 2497 21 785 2599 13 72 460 6462 1205 15 6983 60 850 2486
82 0 1 2 4 22 3 2522 1026 145 170 2156 12 5792 8875 196 134 2048 121 10 9471 15 117 2967 37 914 1754 41 6 6097 6696 51 16 715 8 1583 1671 3097
83 0 2 5 1 6 11 47 227 3 4 573 218 183 338 2020 40 9 4331 350 31 102 55 7086 892 1857 825 833 27 331 77 119 15 184 69
84 0 2 1 11 4 6 302 512 1228 53 254 1577 102 528 249 142 2398 18 1992 3591 402 251 7 118 76 237 83 20 31 331 426 236 968 1737
85 0 18 1687 286 2 3626 95 4 157 10 17 4781 178 56 1 33 1052 465 8703 939 7 242 35 14 362 3 6787 7557 720 356 31 1071 138
86 0 500 2051 33 2221 98 238 5 21 2 4 3 1757 227 23 10 7 77 218 351 1896 11 2987 1121 1318 9041 96 13 79 1340 485 9514
87 281 0 6 1 180 1368 34 505 3 186 104 11 2 4227 7 4 49 709 18 5 25 4040 3053 6614 8949 251 6779 6045 176 138 797
88 6 1 3223 5 15 28 3 1071 0 7 21 6160 10 4479 8 2209 1808 76 1828 655 141 229 3814 2 158 11 155 238 25 8461 1110 1776 4329 452 7266 3977 720 4171 9054 3457 1384 554 3244
89 4 2 0 3 11 1 72 726 6 7 281 538 44 75 3354 3526 112 257 837 199 3137 28 156 267 30 2019 669 178 6087 2527 4971 23 13 5 60 16 87 206 152 8978 968
90 0 2 34 6 3 4 5 24 2380 4259 75 3642 1 9 84 67 51 255 7 63 526 25 11 3935 117 29 48 401 1104 131 109 35 184 28 155 968
91 0 2 4 13 48 1 5 6 817 12 49 11 34 414 33 83 7 202 210 37 30 103 6018 739 654 6005 151 40 3 1746 228 970 534 8 355
92 0 3 1 91 6 5246 2 34 677 3511 5136 31 11 10 166 5469 14 25 2978 281 7013 186 2340 4589 123 279 5 17 7 5561 62 8 27 120 9584
93 2 0 3 1 5 11 6 12 13 606 1087 23 4 4319 158 8116 4001 47 7325 4350 7 8 3839 145 875 20 7316 1865 37 59 343 2142 9 845 65 54 138 5381
94 4 1 2882 5 0 3 861 15 18 3458 272 1150 44 29 55 105 301 51 225 830 148 1865 402 121 37 17 2 9 83 309 67 645 161 7 8 1663 554 900 4364
95 0 1 2 3 4 15 10 257 5 7 9 13 31 85 562 29 12 20 57 3654 43 160 25 24 144 3420 5774 217 8 138
96 0 1 2 3 5 753 589 9794 916 6410 7 8 12 23 2424 3166 15 10 20 309 4 686 369 840 13 26 52 257 3708 30 474 9 1055 81 1256 6057 69 1502
97 28 1436 9798 2844 222 0 12 6249 4 587 5027 289 8 13 258 1 1816 2333 5893 189 2 4807 4335 38 493 3 76 19 249 68 59 187 948 2889 485 138
98 0 1 6 2 5 17 3 59 75 28 48 9088 45 93 34 15 51 29 792 61 7607 11 4952 387 18 89 246 229 12 1599 439 2513 3097
99 0 1 2 4 3 222 24 319 2413 15 60 11 3175 20 97 862 392 5 106 5196 589 29 3769 129 1377 2460 55 818 22 7 8 621 138